retailer_id,week,id,product_key,event,price,was_price,prev_price,created_at
kik,2026-08-31,6541,cdcff0fa38de9910,gone,,,8.99,2026-08-31 07:03:12.979855+00
kik,2026-08-31,6542,43ba4be8ac27d8e8,gone,,,2.50,2026-08-31 07:03:12.979855+00
kik,2026-08-31,6544,7530ecf1ca4df264,gone,,,6.99,2026-08-31 07:03:12.979855+00
kik,2026-08-31,6545,65b913c9938d7931,gone,,,3.50,2026-08-31 07:03:12.979855+00
kik,2026-08-31,6546,98b3f96f39cb3a79,gone,,,3.99,2026-08-31 07:03:12.979855+00
kik,2026-08-31,6547,e2a8386e8c5693c5,gone,,,8.99,2026-08-31 07:03:12.979855+00
kik,2026-08-31,6548,f5992568fa8847f7,gone,,,2.99,2026-08-31 07:03:12.979855+00
kik,2026-08-31,6549,9dfc42c22275eb9f,gone,,,8.99,2026-08-31 07:03:12.979855+00
kik,2026-08-31,6550,498eafb8684a2594,gone,,,1.50,2026-08-31 07:03:12.979855+00
kik,2026-08-31,6552,22dd6410493e11eb,gone,,,6.99,2026-08-31 07:03:12.979855+00
kik,2026-08-31,6553,8c0738dd2f5f24af,gone,,,2.50,2026-08-31 07:03:12.979855+00
kik,2026-08-31,6556,d458dee9997a059a,gone,,,3.50,2026-08-31 07:03:12.979855+00
kik,2026-08-31,6557,a0c9651b85484dba,gone,,,0.50,2026-08-31 07:03:12.979855+00
kik,2026-08-31,6560,897f76d829d47cab,gone,,,6.99,2026-08-31 07:03:12.979855+00
kik,2026-08-31,6565,ac9ad7aacdaf5304,gone,,,1.00,2026-08-31 07:03:12.979855+00
kik,2026-08-31,6566,d2c863fc8433e077,gone,,,2.33,2026-08-31 07:03:12.979855+00
kik,2026-08-31,6569,179e94586e1251a7,gone,,,2.50,2026-08-31 07:03:12.979855+00
kik,2026-08-31,6570,c50284addd8a013f,gone,,,5.99,2026-08-31 07:03:12.979855+00
kik,2026-08-31,6571,039fa319c880f13b,gone,,,3.50,2026-08-31 07:03:12.979855+00
kik,2026-08-31,6573,3fbe92c48e772b96,gone,,,3.99,2026-08-31 07:03:12.979855+00
kik,2026-08-31,6576,db285ed977022594,gone,,,8.99,2026-08-31 07:03:12.979855+00
kik,2026-08-31,6577,68c01271d8a45e83,gone,,,2.33,2026-08-31 07:03:12.979855+00
kik,2026-08-31,6578,52b9fb3966c91ac8,gone,,,8.99,2026-08-31 07:03:12.979855+00
kik,2026-08-31,6579,8ba3c403932f4adf,gone,,,1.50,2026-08-31 07:03:12.979855+00
kik,2026-08-31,6580,fa8e6dd37b941c0b,gone,,,8.99,2026-08-31 07:03:12.979855+00
kik,2026-08-31,6581,03a45b59bbf62be7,gone,,,6.99,2026-08-31 07:03:12.979855+00
kik,2026-08-31,6584,57fc788261355f6b,gone,,,0.28,2026-08-31 07:03:12.979855+00
kik,2026-08-31,6585,c395eb723395df6c,gone,,,6.99,2026-08-31 07:03:12.979855+00
kik,2026-08-31,6586,986c025ba819582e,gone,,,8.99,2026-08-31 07:03:12.979855+00
kik,2026-08-31,6588,ff9784ea02acd9fa,gone,,,2.50,2026-08-31 07:03:12.979855+00
kik,2026-08-31,6589,e616026f1534aef0,gone,,,2.99,2026-08-31 07:03:12.979855+00
kik,2026-08-31,6590,6580992f4a4db528,gone,,,2.99,2026-08-31 07:03:12.979855+00
kik,2026-08-31,6592,c5c3c81a61a7df2c,gone,,,5.99,2026-08-31 07:03:12.979855+00
kik,2026-08-31,6593,c6eaaf00ade36a85,gone,,,2.00,2026-08-31 07:03:12.979855+00
kik,2026-08-31,6594,461cc33558e9f8c0,gone,,,3.50,2026-08-31 07:03:12.979855+00
kik,2026-08-31,6596,a838a3d7eb8374ea,gone,,,0.66,2026-08-31 07:03:12.979855+00
kik,2026-08-31,6597,e61cb3e3bbdbc54b,gone,,,2.99,2026-08-31 07:03:12.979855+00
kik,2026-08-31,6598,51af5625ac07af7f,gone,,,3.99,2026-08-31 07:03:12.979855+00
kik,2026-08-31,6599,4fc588078eb3f9cd,gone,,,8.99,2026-08-31 07:03:12.979855+00
kik,2026-08-31,6600,9fe41bd4417c681e,gone,,,2.99,2026-08-31 07:03:12.979855+00
kik,2026-08-31,6603,0001132444915510,gone,,,8.99,2026-08-31 07:03:12.979855+00
kik,2026-08-31,6604,758fa514fee1cf23,gone,,,6.99,2026-08-31 07:03:12.979855+00
kik,2026-08-31,6606,3883dc7467b75d35,gone,,,0.66,2026-08-31 07:03:12.979855+00
kik,2026-08-31,6607,e98f541b1494530e,gone,,,1.00,2026-08-31 07:03:12.979855+00
kik,2026-08-31,6608,cba0bf282aa1441e,gone,,,2.50,2026-08-31 07:03:12.979855+00
kik,2026-08-31,6611,b3a08cd592ce14da,gone,,,2.50,2026-08-31 07:03:12.979855+00
kik,2026-08-31,6612,cc577b2c2a34ab67,gone,,,3.50,2026-08-31 07:03:12.979855+00
kik,2026-08-31,6613,4c0cb9770b607799,gone,,,8.99,2026-08-31 07:03:12.979855+00
kik,2026-08-31,6617,02e8c4c3aefe6fba,gone,,,6.99,2026-08-31 07:03:12.979855+00
kik,2026-08-31,6618,40f17f32c4eafdef,gone,,,8.99,2026-08-31 07:03:12.979855+00
kik,2026-08-31,6622,0226269c65d04182,gone,,,8.99,2026-08-31 07:03:12.979855+00
kik,2026-08-31,6624,4e5ee908b51d38c7,gone,,,6.99,2026-08-31 07:03:12.979855+00
kik,2026-08-31,6635,2a1dc11e91121912,gone,,,3.50,2026-08-31 07:03:12.979855+00
kik,2026-08-31,6636,c55bce35212960dd,gone,,,1.00,2026-08-31 07:03:12.979855+00
kik,2026-08-31,6638,0672929c985c1e87,gone,,,3.50,2026-08-31 07:03:12.979855+00
kik,2026-08-31,6640,0014397f8a2d24d6,gone,,,2.50,2026-08-31 07:03:12.979855+00
kik,2026-08-31,6641,4fe73fa512f11751,gone,,,5.99,2026-08-31 07:03:12.979855+00
kik,2026-08-31,6642,ba06a74f59ea1906,gone,,,3.50,2026-08-31 07:03:12.979855+00
kik,2026-08-31,6645,22fda2672b72f551,gone,,,5.99,2026-08-31 07:03:12.979855+00
kik,2026-08-31,6646,22c15cbb099b14ef,gone,,,5.99,2026-08-31 07:03:12.979855+00
kik,2026-08-31,6647,dfea1f144ef5d503,gone,,,3.99,2026-08-31 07:03:12.979855+00
kik,2026-08-31,6651,b53b301d8b53d082,gone,,,1.66,2026-08-31 07:03:12.979855+00
kik,2026-08-31,6652,08f9296ac6ae29c4,gone,,,5.99,2026-08-31 07:03:12.979855+00
kik,2026-08-31,7052,3599a45d17261321,gone,,,3.99,2026-08-31 11:48:57.113567+00
kik,2026-08-31,7053,43dc8a1cb04bbb0f,gone,,,1.00,2026-08-31 11:48:57.113567+00
kik,2026-08-31,7057,b96c010bfbd22c6a,gone,,,1.66,2026-08-31 11:48:57.113567+00
kik,2026-08-31,7616,025443e306b50fe1,new,3.99,,,2026-09-04 07:34:47.75592+00
kik,2026-08-31,7617,033b6da494da3bc2,new,8.99,,,2026-09-04 07:34:47.75592+00
kik,2026-08-31,7618,037570b421a705bd,new,8.99,,,2026-09-04 07:34:47.75592+00
kik,2026-08-31,7619,039832fbbe6dbdc0,new,5.99,,,2026-09-04 07:34:47.75592+00
kik,2026-08-31,7620,03b8740e4ae0cc2f,new,6.99,,,2026-09-04 07:34:47.75592+00
kik,2026-08-31,7621,0545409cd32f44ca,new,5.99,,,2026-09-04 07:34:47.75592+00
kik,2026-08-31,7622,0876ba1cfc671f19,new,8.99,,,2026-09-04 07:34:47.75592+00
kik,2026-08-31,7623,0e2c08f3b11fbe18,new,8.99,,,2026-09-04 07:34:47.75592+00
kik,2026-08-31,7624,0ec9d6a6100fb188,new,5.99,,,2026-09-04 07:34:47.75592+00
kik,2026-08-31,7625,102f21394b5878e9,new,6.99,,,2026-09-04 07:34:47.75592+00
kik,2026-08-31,7626,1609b131b2e2683a,new,3.99,,,2026-09-04 07:34:47.75592+00
kik,2026-08-31,7627,16c3cd3faa9d7e14,new,7.99,,,2026-09-04 07:34:47.75592+00
kik,2026-08-31,7628,1828757ee49bc1fb,new,6.99,,,2026-09-04 07:34:47.75592+00
kik,2026-08-31,7629,1b017ba67acf3c15,new,2.99,5.99,,2026-09-04 07:34:47.75592+00
kik,2026-08-31,7630,291cdaac49108c83,new,5.99,,,2026-09-04 07:34:47.75592+00
kik,2026-08-31,7631,2a19d3ea75ac1d26,new,6.99,,,2026-09-04 07:34:47.75592+00
kik,2026-08-31,7632,2c0521299b9a7964,new,6.99,,,2026-09-04 07:34:47.75592+00
kik,2026-08-31,7633,2d6d4515c96542b7,new,3.99,,,2026-09-04 07:34:47.75592+00
kik,2026-08-31,7634,2e354de053018de0,new,5.99,,,2026-09-04 07:34:47.75592+00
kik,2026-08-31,7635,2f1fbc433f700834,new,5.99,,,2026-09-04 07:34:47.75592+00
kik,2026-08-31,7636,32f01b38979fe69a,new,6.99,,,2026-09-04 07:34:47.75592+00
kik,2026-08-31,7637,349954b3759dc731,new,5.99,,,2026-09-04 07:34:47.75592+00
kik,2026-08-31,7638,34e4f17f027437d7,new,5.99,,,2026-09-04 07:34:47.75592+00
kik,2026-08-31,7639,3500935882fe0655,new,6.99,,,2026-09-04 07:34:47.75592+00
kik,2026-08-31,7640,39189f35d0eef689,new,1.99,3.49,,2026-09-04 07:34:47.75592+00
kik,2026-08-31,7641,3c9ac1b6e3f2aa14,new,8.99,,,2026-09-04 07:34:47.75592+00
kik,2026-08-31,7642,45c4f17430ca7cf3,new,5.99,,,2026-09-04 07:34:47.75592+00
kik,2026-08-31,7643,462bd7ad365c7971,new,5.99,,,2026-09-04 07:34:47.75592+00
kik,2026-08-31,7644,46fb405972526997,new,3.99,,,2026-09-04 07:34:47.75592+00
kik,2026-08-31,7645,4e07ea29279437c9,new,6.99,,,2026-09-04 07:34:47.75592+00
kik,2026-08-31,7646,4e0f8379177142f4,new,3.99,,,2026-09-04 07:34:47.75592+00
kik,2026-08-31,7647,4e4a6477fac87506,new,5.99,,,2026-09-04 07:34:47.75592+00
kik,2026-08-31,7648,4e8804868b53e508,new,3.99,,,2026-09-04 07:34:47.75592+00
kik,2026-08-31,7649,58b92b2b3257069c,new,3.99,,,2026-09-04 07:34:47.75592+00
kik,2026-08-31,7650,5a5b27909c34f19c,new,9.99,,,2026-09-04 07:34:47.75592+00
kik,2026-08-31,7651,5e826d4fd084e4ee,new,1.99,2.99,,2026-09-04 07:34:47.75592+00
kik,2026-08-31,7652,5ff1f196fa6df14f,new,8.99,,,2026-09-04 07:34:47.75592+00
kik,2026-08-31,7653,63a17ab736a028ad,new,5.99,,,2026-09-04 07:34:47.75592+00
kik,2026-08-31,7654,63f2458b1991100b,new,4.99,,,2026-09-04 07:34:47.75592+00
kik,2026-08-31,7655,68d272fe23b9edb4,new,5.99,,,2026-09-04 07:34:47.75592+00
kik,2026-08-31,7656,6a2814c02fd36d6c,new,4.99,,,2026-09-04 07:34:47.75592+00
kik,2026-08-31,7657,6afb691bfdaab241,new,4.99,,,2026-09-04 07:34:47.75592+00
kik,2026-08-31,7658,6f07b3f5119f2ec5,new,8.99,,,2026-09-04 07:34:47.75592+00
kik,2026-08-31,7659,6fa08e2eb16638b9,new,3.99,,,2026-09-04 07:34:47.75592+00
kik,2026-08-31,7660,704ed70d785af4e9,new,3.99,,,2026-09-04 07:34:47.75592+00
kik,2026-08-31,7661,76a1b55ff59f315d,new,6.99,,,2026-09-04 07:34:47.75592+00
kik,2026-08-31,7662,77ff0181a34f4b76,new,4.99,,,2026-09-04 07:34:47.75592+00
kik,2026-08-31,7663,79cc0b1beb915f3c,new,6.99,,,2026-09-04 07:34:47.75592+00
kik,2026-08-31,7664,7ac3acb4942d1f17,new,6.99,,,2026-09-04 07:34:47.75592+00
kik,2026-08-31,7665,7b69fd0df9220147,new,3.99,,,2026-09-04 07:34:47.75592+00
kik,2026-08-31,7666,7c3ad86c7dbe9150,new,3.99,,,2026-09-04 07:34:47.75592+00
kik,2026-08-31,7667,7ceda8706fbf5cad,new,12.99,,,2026-09-04 07:34:47.75592+00
kik,2026-08-31,7668,7d491675d8c0556b,new,5.99,,,2026-09-04 07:34:47.75592+00
kik,2026-08-31,7669,80d7aac154212057,new,3.99,,,2026-09-04 07:34:47.75592+00
kik,2026-08-31,7670,824ef8afd790b899,new,3.99,,,2026-09-04 07:34:47.75592+00
kik,2026-08-31,7671,8422738c10491271,new,6.99,,,2026-09-04 07:34:47.75592+00
kik,2026-08-31,7672,84b77cc8b0125bf8,new,6.99,,,2026-09-04 07:34:47.75592+00
kik,2026-08-31,7673,878df542fe0b8336,new,6.99,,,2026-09-04 07:34:47.75592+00
kik,2026-08-31,7674,88112b31c2fb5215,new,9.99,14.99,,2026-09-04 07:34:47.75592+00
kik,2026-08-31,7675,8b2a7a3edb98f6af,new,6.99,,,2026-09-04 07:34:47.75592+00
kik,2026-08-31,7676,8d2234fab8aca45c,new,8.99,,,2026-09-04 07:34:47.75592+00
kik,2026-08-31,7677,8f66a8728fc60867,new,8.99,,,2026-09-04 07:34:47.75592+00
kik,2026-08-31,7678,9190dacfc874e499,new,12.99,,,2026-09-04 07:34:47.75592+00
kik,2026-08-31,7679,920bb3749770b430,new,8.99,,,2026-09-04 07:34:47.75592+00
kik,2026-08-31,7680,929b7e77f612b19c,new,8.99,,,2026-09-04 07:34:47.75592+00
kik,2026-08-31,7681,94707bf2d5e80f00,new,8.99,,,2026-09-04 07:34:47.75592+00
kik,2026-08-31,7682,9472b955618bcd6b,new,3.99,,,2026-09-04 07:34:47.75592+00
kik,2026-08-31,7683,991316c81ab5c990,new,3.99,,,2026-09-04 07:34:47.75592+00
kik,2026-08-31,7684,993f4af7f97a8064,new,8.99,,,2026-09-04 07:34:47.75592+00
kik,2026-08-31,7685,9bbd2ffabb7fc08e,new,8.99,,,2026-09-04 07:34:47.75592+00
kik,2026-08-31,7686,9be3d5b8c866d777,new,6.99,,,2026-09-04 07:34:47.75592+00
kik,2026-08-31,7687,9eb3655112fb85ed,new,9.99,,,2026-09-04 07:34:47.75592+00
kik,2026-08-31,7688,a3e0fd3eb76d184b,new,1.99,3.99,,2026-09-04 07:34:47.75592+00
kik,2026-08-31,7689,a6f63bcbec8e11d0,new,5.99,,,2026-09-04 07:34:47.75592+00
kik,2026-08-31,7690,a9d8c5501c861426,new,6.99,,,2026-09-04 07:34:47.75592+00
kik,2026-08-31,7691,afdb928c7ae499c0,new,5.99,,,2026-09-04 07:34:47.75592+00
kik,2026-08-31,7692,b0b4c98202d074d3,new,6.99,9.99,,2026-09-04 07:34:47.75592+00
kik,2026-08-31,7693,b1ceb04584b73ec3,new,4.99,,,2026-09-04 07:34:47.75592+00
kik,2026-08-31,7694,b29ad2d84d97250b,new,8.99,,,2026-09-04 07:34:47.75592+00
kik,2026-08-31,7695,b3a86823fd63e8ca,new,6.99,,,2026-09-04 07:34:47.75592+00
kik,2026-08-31,7696,b46e09ff4369057a,new,8.99,,,2026-09-04 07:34:47.75592+00
kik,2026-08-31,7697,b52493cb4b3597af,new,3.99,,,2026-09-04 07:34:47.75592+00
kik,2026-08-31,7698,baec4add6006a6dd,new,4.99,,,2026-09-04 07:34:47.75592+00
kik,2026-08-31,7699,c11efb7710b0adda,new,2.99,4.99,,2026-09-04 07:34:47.75592+00
kik,2026-08-31,7700,c14284687032e55c,new,8.99,,,2026-09-04 07:34:47.75592+00
kik,2026-08-31,7701,c2016cae0bf9fdec,new,5.99,,,2026-09-04 07:34:47.75592+00
kik,2026-08-31,7702,c50e3e4a929b3fe4,new,8.99,,,2026-09-04 07:34:47.75592+00
kik,2026-08-31,7703,c5af43a7141332bb,new,5.99,,,2026-09-04 07:34:47.75592+00
kik,2026-08-31,7704,c9e735cb4b731a80,new,6.99,,,2026-09-04 07:34:47.75592+00
kik,2026-08-31,7705,cbb5e5108c736428,new,2.99,,,2026-09-04 07:34:47.75592+00
kik,2026-08-31,7706,cc0cca329865ccd5,new,6.99,,,2026-09-04 07:34:47.75592+00
kik,2026-08-31,7707,cc60659a89d518af,new,3.99,,,2026-09-04 07:34:47.75592+00
kik,2026-08-31,7708,cffdf358b515844d,new,8.99,,,2026-09-04 07:34:47.75592+00
kik,2026-08-31,7709,d017d2728fccbfbd,new,7.99,,,2026-09-04 07:34:47.75592+00
kik,2026-08-31,7710,d12b60265f577b9f,new,4.99,,,2026-09-04 07:34:47.75592+00
kik,2026-08-31,7711,d31b35df16053f54,new,9.99,,,2026-09-04 07:34:47.75592+00
kik,2026-08-31,7712,d3571de743293cbc,new,6.99,,,2026-09-04 07:34:47.75592+00
kik,2026-08-31,7713,d3bc8b292232b891,new,4.99,,,2026-09-04 07:34:47.75592+00
kik,2026-08-31,7714,d3dcccbda0571123,new,6.99,,,2026-09-04 07:34:47.75592+00
kik,2026-08-31,7715,d446b3f2c8ab9ead,new,8.99,,,2026-09-04 07:34:47.75592+00
kik,2026-08-31,7716,dd1f01db66ccf1e7,new,6.99,,,2026-09-04 07:34:47.75592+00
kik,2026-08-31,7717,dde18b478b4b01e4,new,6.99,,,2026-09-04 07:34:47.75592+00
kik,2026-08-31,7718,de3e75fe42ec90a9,new,3.99,,,2026-09-04 07:34:47.75592+00
kik,2026-08-31,7719,de6be09c5276f57c,new,6.99,,,2026-09-04 07:34:47.75592+00
kik,2026-08-31,7720,e13fd18c2b532876,new,4.99,,,2026-09-04 07:34:47.75592+00
kik,2026-08-31,7721,e4edac7fbbea585a,new,3.99,,,2026-09-04 07:34:47.75592+00
kik,2026-08-31,7722,e59326dd72438900,new,5.99,,,2026-09-04 07:34:47.75592+00
kik,2026-08-31,7723,e5f9122736722bf1,new,4.99,,,2026-09-04 07:34:47.75592+00
kik,2026-08-31,7724,e72900b9b97bfaac,new,5.99,,,2026-09-04 07:34:47.75592+00
kik,2026-08-31,7725,e78325d3983d4f6a,new,5.99,,,2026-09-04 07:34:47.75592+00
kik,2026-08-31,7726,eae9fb2f3321db44,new,3.99,,,2026-09-04 07:34:47.75592+00
kik,2026-08-31,7727,ec091724c20c4c0c,new,5.99,,,2026-09-04 07:34:47.75592+00
kik,2026-08-31,7728,ec2c5dfaab59b786,new,4.99,,,2026-09-04 07:34:47.75592+00
kik,2026-08-31,7729,ecef1f8783e8075c,new,5.99,,,2026-09-04 07:34:47.75592+00
kik,2026-08-31,7730,f32cdf173df2360a,new,2.99,,,2026-09-04 07:34:47.75592+00
kik,2026-08-31,7731,f3586926fcf6a4f7,new,4.99,,,2026-09-04 07:34:47.75592+00
kik,2026-08-31,7732,f46ab1247194bcb4,new,8.99,,,2026-09-04 07:34:47.75592+00
kik,2026-08-31,7733,f52750f3d6a0ec31,new,4.99,,,2026-09-04 07:34:47.75592+00
kik,2026-08-31,7734,f765a53d8d49fc57,new,3.99,,,2026-09-04 07:34:47.75592+00
kik,2026-08-31,7735,f9310b5eebd5aafc,new,4.99,,,2026-09-04 07:34:47.75592+00
kik,2026-08-31,7736,fa000b6dbef288e4,new,5.99,,,2026-09-04 07:34:47.75592+00
kik,2026-08-31,7737,fb4cef4a84142077,new,5.99,,,2026-09-04 07:34:47.75592+00
kik,2026-08-31,7738,fb890ebc2fd820f7,new,12.99,,,2026-09-04 07:34:47.75592+00
kik,2026-08-31,7739,fcaab52f2f3e99a4,new,6.99,,,2026-09-04 07:34:47.75592+00
kik,2026-08-31,7740,fcf7fe8d54102659,new,6.99,,,2026-09-04 07:34:47.75592+00
kik,2026-08-31,7741,fd92ff63fe8fdbb6,new,9.99,,,2026-09-04 07:34:47.75592+00
kik,2026-08-31,7742,0001132444915510,back,5.99,8.99,,2026-09-04 07:34:47.75592+00
kik,2026-08-31,7743,0014397f8a2d24d6,back,4.99,6.99,,2026-09-04 07:34:47.75592+00
kik,2026-08-31,7744,0226269c65d04182,back,5.99,8.99,,2026-09-04 07:34:47.75592+00
kik,2026-08-31,7745,02e8c4c3aefe6fba,back,4.99,6.99,,2026-09-04 07:34:47.75592+00
kik,2026-08-31,7746,039fa319c880f13b,back,6.99,,,2026-09-04 07:34:47.75592+00
kik,2026-08-31,7747,03a45b59bbf62be7,back,4.99,6.99,,2026-09-04 07:34:47.75592+00
kik,2026-08-31,7748,0672929c985c1e87,back,6.99,,,2026-09-04 07:34:47.75592+00
kik,2026-08-31,7749,08f9296ac6ae29c4,back,3.99,8.99,,2026-09-04 07:34:47.75592+00
kik,2026-08-31,7751,179e94586e1251a7,back,4.99,6.99,,2026-09-04 07:34:47.75592+00
kik,2026-08-31,7752,22c15cbb099b14ef,back,3.99,8.99,,2026-09-04 07:34:47.75592+00
kik,2026-08-31,7753,22dd6410493e11eb,back,4.99,6.99,,2026-09-04 07:34:47.75592+00
kik,2026-08-31,7754,22fda2672b72f551,back,3.99,5.99,,2026-09-04 07:34:47.75592+00
kik,2026-08-31,7755,2a1dc11e91121912,back,6.99,,,2026-09-04 07:34:47.75592+00
kik,2026-08-31,7757,3599a45d17261321,back,2.99,5.99,,2026-09-04 07:34:47.75592+00
kik,2026-08-31,7758,3883dc7467b75d35,back,1.99,3.99,,2026-09-04 07:34:47.75592+00
kik,2026-08-31,7761,3fbe92c48e772b96,back,2.99,3.99,,2026-09-04 07:34:47.75592+00
kik,2026-08-31,7762,40f17f32c4eafdef,back,5.99,8.99,,2026-09-04 07:34:47.75592+00
kik,2026-08-31,7763,43ba4be8ac27d8e8,back,4.99,6.99,,2026-09-04 07:34:47.75592+00
kik,2026-08-31,7764,43dc8a1cb04bbb0f,back,2.99,,,2026-09-04 07:34:47.75592+00
kik,2026-08-31,7765,461cc33558e9f8c0,back,6.99,,,2026-09-04 07:34:47.75592+00
kik,2026-08-31,7766,498eafb8684a2594,back,2.99,6.99,,2026-09-04 07:34:47.75592+00
kik,2026-08-31,7767,4c0cb9770b607799,back,5.99,8.99,,2026-09-04 07:34:47.75592+00
kik,2026-08-31,7768,4e5ee908b51d38c7,back,4.99,6.99,,2026-09-04 07:34:47.75592+00
kik,2026-08-31,7769,4fc588078eb3f9cd,back,5.99,8.99,,2026-09-04 07:34:47.75592+00
kik,2026-08-31,7770,4fe73fa512f11751,back,3.99,8.99,,2026-09-04 07:34:47.75592+00
kik,2026-08-31,7771,51af5625ac07af7f,back,2.99,3.99,,2026-09-04 07:34:47.75592+00
kik,2026-08-31,7772,52b9fb3966c91ac8,back,5.99,8.99,,2026-09-04 07:34:47.75592+00
kik,2026-08-31,7773,57fc788261355f6b,back,1.99,3.99,,2026-09-04 07:34:47.75592+00
kik,2026-08-31,7774,6580992f4a4db528,back,1.99,3.99,,2026-09-04 07:34:47.75592+00
kik,2026-08-31,7775,65b913c9938d7931,back,6.99,,,2026-09-04 07:34:47.75592+00
kik,2026-08-31,7776,68c01271d8a45e83,back,6.99,,,2026-09-04 07:34:47.75592+00
kik,2026-08-31,7777,7530ecf1ca4df264,back,4.99,6.99,,2026-09-04 07:34:47.75592+00
kik,2026-08-31,7778,758fa514fee1cf23,back,4.99,6.99,,2026-09-04 07:34:47.75592+00
kik,2026-08-31,7780,897f76d829d47cab,back,4.99,6.99,,2026-09-04 07:34:47.75592+00
kik,2026-08-31,7781,8ba3c403932f4adf,back,2.99,4.99,,2026-09-04 07:34:47.75592+00
kik,2026-08-31,7782,8c0738dd2f5f24af,back,4.99,,,2026-09-04 07:34:47.75592+00
kik,2026-08-31,7783,986c025ba819582e,back,5.99,8.99,,2026-09-04 07:34:47.75592+00
kik,2026-08-31,7784,98b3f96f39cb3a79,back,2.99,3.99,,2026-09-04 07:34:47.75592+00
kik,2026-08-31,7785,9dfc42c22275eb9f,back,5.99,8.99,,2026-09-04 07:34:47.75592+00
kik,2026-08-31,7786,9fe41bd4417c681e,back,1.99,3.99,,2026-09-04 07:34:47.75592+00
kik,2026-08-31,7787,a0c9651b85484dba,back,1.99,3.49,,2026-09-04 07:34:47.75592+00
kik,2026-08-31,7788,a838a3d7eb8374ea,back,1.99,3.49,,2026-09-04 07:34:47.75592+00
kik,2026-08-31,7789,ac9ad7aacdaf5304,back,2.99,5.99,,2026-09-04 07:34:47.75592+00
kik,2026-08-31,7790,b3a08cd592ce14da,back,4.99,6.99,,2026-09-04 07:34:47.75592+00
kik,2026-08-31,7791,b53b301d8b53d082,back,4.99,6.99,,2026-09-04 07:34:47.75592+00
kik,2026-08-31,7792,b96c010bfbd22c6a,back,3.49,6.99,,2026-09-04 07:34:47.75592+00
kik,2026-08-31,7793,ba06a74f59ea1906,back,6.99,,,2026-09-04 07:34:47.75592+00
kik,2026-08-31,7794,c395eb723395df6c,back,4.99,6.99,,2026-09-04 07:34:47.75592+00
kik,2026-08-31,7795,c50284addd8a013f,back,3.99,8.99,,2026-09-04 07:34:47.75592+00
kik,2026-08-31,7796,c55bce35212960dd,back,3.99,,,2026-09-04 07:34:47.75592+00
kik,2026-08-31,7797,c5c3c81a61a7df2c,back,3.99,8.99,,2026-09-04 07:34:47.75592+00
kik,2026-08-31,7798,c6eaaf00ade36a85,back,3.99,5.99,,2026-09-04 07:34:47.75592+00
kik,2026-08-31,7799,cba0bf282aa1441e,back,4.99,6.99,,2026-09-04 07:34:47.75592+00
kik,2026-08-31,7800,cc577b2c2a34ab67,back,6.99,,,2026-09-04 07:34:47.75592+00
kik,2026-08-31,7801,cdcff0fa38de9910,back,5.99,8.99,,2026-09-04 07:34:47.75592+00
kik,2026-08-31,7803,d2c863fc8433e077,back,6.99,,,2026-09-04 07:34:47.75592+00
kik,2026-08-31,7804,d458dee9997a059a,back,6.99,,,2026-09-04 07:34:47.75592+00
kik,2026-08-31,7805,db285ed977022594,back,5.99,8.99,,2026-09-04 07:34:47.75592+00
kik,2026-08-31,7806,dfea1f144ef5d503,back,2.99,3.99,,2026-09-04 07:34:47.75592+00
kik,2026-08-31,7807,e2a8386e8c5693c5,back,5.99,8.99,,2026-09-04 07:34:47.75592+00
kik,2026-08-31,7808,e616026f1534aef0,back,1.99,3.99,,2026-09-04 07:34:47.75592+00
kik,2026-08-31,7809,e61cb3e3bbdbc54b,back,1.99,2.99,,2026-09-04 07:34:47.75592+00
kik,2026-08-31,7811,e98f541b1494530e,back,2.99,,,2026-09-04 07:34:47.75592+00
kik,2026-08-31,7812,f5992568fa8847f7,back,1.99,3.99,,2026-09-04 07:34:47.75592+00
kik,2026-08-31,7814,fa8e6dd37b941c0b,back,5.99,8.99,,2026-09-04 07:34:47.75592+00
kik,2026-08-31,7815,ff9784ea02acd9fa,back,4.99,6.99,,2026-09-04 07:34:47.75592+00
kik,2026-08-31,7816,00b7bc8fb0d52966,price_up,4.99,,1.25,2026-09-04 07:34:47.75592+00
kik,2026-08-31,7817,00ea2679524ff881,price_up,1.99,3.49,0.50,2026-09-04 07:34:47.75592+00
kik,2026-08-31,7818,01b7728f10ad7105,price_up,5.99,,1.20,2026-09-04 07:34:47.75592+00
kik,2026-08-31,7819,0255b98cdbb67d71,price_up,5.99,,3.00,2026-09-04 07:34:47.75592+00
kik,2026-08-31,7820,037a5b3f9c08a2fa,price_up,3.99,6.99,1.66,2026-09-04 07:34:47.75592+00
kik,2026-08-31,7821,0546bb902732f0ec,price_up,4.99,,2.50,2026-09-04 07:34:47.75592+00
kik,2026-08-31,7822,05c362f1e2cc82e9,price_up,1.99,3.99,1.00,2026-09-04 07:34:47.75592+00
kik,2026-08-31,7823,07d542699f73d3bd,price_up,5.99,,3.00,2026-09-04 07:34:47.75592+00
kik,2026-08-31,7824,07e6f9bdd81cfd6b,price_up,5.99,,3.00,2026-09-04 07:34:47.75592+00
kik,2026-08-31,7825,08d18ac0302e8843,price_up,6.99,,3.50,2026-09-04 07:34:47.75592+00
kik,2026-08-31,7826,096239bb332179c1,price_up,5.99,,3.00,2026-09-04 07:34:47.75592+00
kik,2026-08-31,7827,0a11a82c8736f918,price_up,4.99,,1.66,2026-09-04 07:34:47.75592+00
kik,2026-08-31,7828,0a26b51af9eb69ca,price_up,5.99,,3.00,2026-09-04 07:34:47.75592+00
kik,2026-08-31,7829,0ac96914b7c909a9,price_up,6.99,,3.50,2026-09-04 07:34:47.75592+00
kik,2026-08-31,7830,0ae5a516dc3ade89,price_up,4.99,,2.50,2026-09-04 07:34:47.75592+00
kik,2026-08-31,7831,0b0ff8bdf9db9245,price_up,6.99,,3.50,2026-09-04 07:34:47.75592+00
kik,2026-08-31,7832,0babb50893bc12fb,price_up,3.99,,1.33,2026-09-04 07:34:47.75592+00
kik,2026-08-31,7833,0bdb1cfd23cd245b,price_up,14.99,,2.14,2026-09-04 07:34:47.75592+00
kik,2026-08-31,7834,0d52e1dd79360ce7,price_up,5.99,,1.20,2026-09-04 07:34:47.75592+00
kik,2026-08-31,7835,0daf6d052cbf5e75,price_up,2.99,3.99,0.75,2026-09-04 07:34:47.75592+00
kik,2026-08-31,7836,0e01e0cae59af9b5,price_up,6.99,,2.33,2026-09-04 07:34:47.75592+00
kik,2026-08-31,7837,106df986b06a1d89,price_up,2.99,4.99,1.50,2026-09-04 07:34:47.75592+00
kik,2026-08-31,7838,10c4f3e938d7a9de,price_up,3.99,,2.00,2026-09-04 07:34:47.75592+00
kik,2026-08-31,7839,111c3dd844f96fa5,price_up,3.99,,0.57,2026-09-04 07:34:47.75592+00
kik,2026-08-31,7840,114f7b7b80340b7f,price_up,2.99,5.99,1.00,2026-09-04 07:34:47.75592+00
kik,2026-08-31,7841,11f1c4bcc625af81,price_up,2.99,4.99,1.50,2026-09-04 07:34:47.75592+00
kik,2026-08-31,7842,12d45482769e8810,price_up,2.99,5.99,2.00,2026-09-04 07:34:47.75592+00
kik,2026-08-31,7843,130bece529addc3b,price_up,3.99,,1.33,2026-09-04 07:34:47.75592+00
kik,2026-08-31,7844,13b6bb3e06a936c3,price_up,1.99,3.49,0.50,2026-09-04 07:34:47.75592+00
kik,2026-08-31,7845,13ba3f09fd3b6a1f,price_up,3.99,,0.80,2026-09-04 07:34:47.75592+00
kik,2026-08-31,7846,13bce03c33717029,price_up,6.99,,3.50,2026-09-04 07:34:47.75592+00
kik,2026-08-31,7847,14cba24907f479e5,price_up,5.99,,2.00,2026-09-04 07:34:47.75592+00
kik,2026-08-31,7848,163e6e3e5ee94637,price_up,1.99,4.99,1.50,2026-09-04 07:34:47.75592+00
kik,2026-08-31,7849,164f55aff5102ebf,price_up,5.99,,3.00,2026-09-04 07:34:47.75592+00
kik,2026-08-31,7850,16650b552acbfe8b,price_up,5.99,,2.00,2026-09-04 07:34:47.75592+00
kik,2026-08-31,7851,173dcdd1cb678f2c,price_up,6.99,,2.33,2026-09-04 07:34:47.75592+00
kik,2026-08-31,7852,17eeecfe8d6dcc63,price_up,2.99,,1.50,2026-09-04 07:34:47.75592+00
kik,2026-08-31,7853,1851f471ed1ba22a,price_up,2.99,,1.50,2026-09-04 07:34:47.75592+00
kik,2026-08-31,7854,1a36e665b91e54de,price_up,5.99,,3.00,2026-09-04 07:34:47.75592+00
kik,2026-08-31,7855,1bcae5a22a11806f,price_up,4.99,,2.50,2026-09-04 07:34:47.75592+00
kik,2026-08-31,7856,1dcaca00ebef53ce,price_up,3.99,,2.00,2026-09-04 07:34:47.75592+00
kik,2026-08-31,7857,1f2f086fa4e8ce8d,price_up,1.99,3.49,0.66,2026-09-04 07:34:47.75592+00
kik,2026-08-31,7858,200ee7e962390710,price_up,1.99,4.99,1.50,2026-09-04 07:34:47.75592+00
kik,2026-08-31,7859,2121a2788376a939,price_up,2.99,,1.50,2026-09-04 07:34:47.75592+00
kik,2026-08-31,7860,21b6fb066c82dcd9,price_up,3.99,5.99,2.00,2026-09-04 07:34:47.75592+00
kik,2026-08-31,7861,2304ff7058f4e8b3,price_up,2.99,5.99,2.00,2026-09-04 07:34:47.75592+00
kik,2026-08-31,7862,23969d6f8d3268a2,price_up,2.99,4.99,1.50,2026-09-04 07:34:47.75592+00
kik,2026-08-31,7863,24f0c82684cb00f2,price_up,4.99,,2.50,2026-09-04 07:34:47.75592+00
kik,2026-08-31,7864,256abd0c673f85b9,price_up,3.99,,1.33,2026-09-04 07:34:47.75592+00
kik,2026-08-31,7865,2570a7ffd64162ee,price_up,1.99,3.49,0.66,2026-09-04 07:34:47.75592+00
kik,2026-08-31,7866,2818a5b205f11322,price_up,4.99,,2.50,2026-09-04 07:34:47.75592+00
kik,2026-08-31,7867,29d77c7e79059293,price_up,1.99,3.49,0.50,2026-09-04 07:34:47.75592+00
kik,2026-08-31,7868,29e80402aacff1a1,price_up,5.99,,3.00,2026-09-04 07:34:47.75592+00
kik,2026-08-31,7869,2af613f374d1e1d8,price_up,2.99,3.99,1.50,2026-09-04 07:34:47.75592+00
kik,2026-08-31,7870,2ccf5cdf2a953ffd,price_up,5.99,,3.00,2026-09-04 07:34:47.75592+00
kik,2026-08-31,7871,2dcde5aba10465c2,price_up,6.99,,3.50,2026-09-04 07:34:47.75592+00
kik,2026-08-31,7872,2fd91741c473df59,price_up,5.99,,3.00,2026-09-04 07:34:47.75592+00
kik,2026-08-31,7873,304de62dd65218b5,price_up,3.99,,2.00,2026-09-04 07:34:47.75592+00
kik,2026-08-31,7874,30afa475170c5a53,price_up,2.99,4.99,1.50,2026-09-04 07:34:47.75592+00
kik,2026-08-31,7875,32ec925eaa82da16,price_up,3.99,,1.33,2026-09-04 07:34:47.75592+00
kik,2026-08-31,7876,33c6f8b5d36909e7,price_up,5.99,,3.00,2026-09-04 07:34:47.75592+00
kik,2026-08-31,7877,34b1be9d707f8814,price_up,2.99,,1.50,2026-09-04 07:34:47.75592+00
kik,2026-08-31,7878,34d45d12186126c4,price_up,1.99,4.99,1.50,2026-09-04 07:34:47.75592+00
kik,2026-08-31,7879,34edefc18e9e5ea7,price_up,4.99,,2.50,2026-09-04 07:34:47.75592+00
kik,2026-08-31,7880,354bb8289dd6ef78,price_up,2.99,5.99,2.00,2026-09-04 07:34:47.75592+00
kik,2026-08-31,7881,35be8b7bd35343f7,price_up,5.99,,2.00,2026-09-04 07:34:47.75592+00
kik,2026-08-31,7882,363afd75ce86843d,price_up,2.99,4.99,1.50,2026-09-04 07:34:47.75592+00
kik,2026-08-31,7883,364ee27216285267,price_up,5.99,,0.86,2026-09-04 07:34:47.75592+00
kik,2026-08-31,7884,37ecb50d8f9519f2,price_up,5.99,,3.00,2026-09-04 07:34:47.75592+00
kik,2026-08-31,7885,3851e6efad1a9a04,price_up,3.99,5.99,2.00,2026-09-04 07:34:47.75592+00
kik,2026-08-31,7886,3911b84213b4f2b2,price_up,6.99,,2.33,2026-09-04 07:34:47.75592+00
kik,2026-08-31,7887,398c48b3893c106f,price_up,1.99,3.49,0.66,2026-09-04 07:34:47.75592+00
kik,2026-08-31,7888,3a78147146566988,price_up,2.99,,1.50,2026-09-04 07:34:47.75592+00
kik,2026-08-31,7889,3b606165442b8a22,price_up,3.49,6.99,1.66,2026-09-04 07:34:47.75592+00
kik,2026-08-31,7890,3b7f9f32e36213d2,price_up,3.49,,1.16,2026-09-04 07:34:47.75592+00
kik,2026-08-31,7891,3c1b5165496119a4,price_up,4.99,,1.66,2026-09-04 07:34:47.75592+00
kik,2026-08-31,7892,3d7fb249469da068,price_up,1.99,3.49,0.66,2026-09-04 07:34:47.75592+00
kik,2026-08-31,7893,3d9110d0d3d5002a,price_up,4.99,,2.50,2026-09-04 07:34:47.75592+00
kik,2026-08-31,7894,41add98c5f529394,price_up,2.99,,1.00,2026-09-04 07:34:47.75592+00
kik,2026-08-31,7895,427ba62139c250af,price_up,2.99,4.99,1.50,2026-09-04 07:34:47.75592+00
kik,2026-08-31,7896,439f7933a9744c8d,price_up,6.99,,3.50,2026-09-04 07:34:47.75592+00
kik,2026-08-31,7897,44e64855b73b0b59,price_up,1.99,4.99,1.00,2026-09-04 07:34:47.75592+00
kik,2026-08-31,7898,450436179461cf23,price_up,3.49,,1.16,2026-09-04 07:34:47.75592+00
kik,2026-08-31,7899,452636c00d0e814e,price_up,5.99,7.99,3.00,2026-09-04 07:34:47.75592+00
kik,2026-08-31,7900,45a1db53544f52ac,price_up,3.99,5.99,2.00,2026-09-04 07:34:47.75592+00
kik,2026-08-31,7901,462dbbfe098b6a30,price_up,3.99,,0.57,2026-09-04 07:34:47.75592+00
kik,2026-08-31,7902,4691bead59bf8ccc,price_up,2.99,5.99,2.00,2026-09-04 07:34:47.75592+00
kik,2026-08-31,7903,4701b37c1fecd726,price_up,3.99,,2.00,2026-09-04 07:34:47.75592+00
kik,2026-08-31,7904,471b6bf241a2ac23,price_up,5.99,,3.00,2026-09-04 07:34:47.75592+00
kik,2026-08-31,7905,47cb8d0951a97938,price_up,3.99,,2.00,2026-09-04 07:34:47.75592+00
kik,2026-08-31,7906,486dca2f72da07c6,price_up,2.99,,1.00,2026-09-04 07:34:47.75592+00
kik,2026-08-31,7907,4a124a4f3a9cccb9,price_up,3.99,6.99,1.66,2026-09-04 07:34:47.75592+00
kik,2026-08-31,7908,4a8ef4a0b6852e2a,price_up,5.99,,3.00,2026-09-04 07:34:47.75592+00
kik,2026-08-31,7909,4a9dcc33b0c8a6c4,price_up,3.99,,2.00,2026-09-04 07:34:47.75592+00
kik,2026-08-31,7910,4ad28b85d42bd7e7,price_up,5.99,,3.00,2026-09-04 07:34:47.75592+00
kik,2026-08-31,7911,4b1b35c3d0584c06,price_up,3.49,6.99,1.66,2026-09-04 07:34:47.75592+00
kik,2026-08-31,7912,4b91708ea5c4c954,price_up,2.99,5.99,1.50,2026-09-04 07:34:47.75592+00
kik,2026-08-31,7913,4bed8af07eed70c5,price_up,2.99,,1.00,2026-09-04 07:34:47.75592+00
kik,2026-08-31,7914,4bfa89586a4dc9b6,price_up,4.99,6.99,2.50,2026-09-04 07:34:47.75592+00
kik,2026-08-31,7915,4dfd75fb8bd75eab,price_up,1.99,6.99,1.00,2026-09-04 07:34:47.75592+00
kik,2026-08-31,7916,4e19d88535106880,price_up,9.99,,3.33,2026-09-04 07:34:47.75592+00
kik,2026-08-31,7917,4ed70d943e4bed19,price_up,4.99,9.99,2.50,2026-09-04 07:34:47.75592+00
kik,2026-08-31,7918,4fe93fd7e9a0d6a4,price_up,5.99,,3.00,2026-09-04 07:34:47.75592+00
kik,2026-08-31,7919,514d71bc7dc5edef,price_up,9.99,,3.33,2026-09-04 07:34:47.75592+00
kik,2026-08-31,7920,520897d637252935,price_up,6.99,,2.33,2026-09-04 07:34:47.75592+00
kik,2026-08-31,7921,525f5bb21ab08b21,price_up,3.99,6.99,1.66,2026-09-04 07:34:47.75592+00
kik,2026-08-31,7922,52e67bbc512f3177,price_up,1.99,3.49,0.50,2026-09-04 07:34:47.75592+00
kik,2026-08-31,7923,53058bd1c5d86106,price_up,2.99,5.99,1.50,2026-09-04 07:34:47.75592+00
kik,2026-08-31,7924,5326f16ba7e93793,price_up,3.99,6.99,1.66,2026-09-04 07:34:47.75592+00
kik,2026-08-31,7925,53a43449c3b0280a,price_up,2.99,5.99,0.60,2026-09-04 07:34:47.75592+00
kik,2026-08-31,7926,53c1d1494c940d13,price_up,2.99,4.99,1.50,2026-09-04 07:34:47.75592+00
kik,2026-08-31,7927,53ec3c57eb96f891,price_up,4.99,,2.50,2026-09-04 07:34:47.75592+00
kik,2026-08-31,7928,54def44cfc68802b,price_up,2.99,,1.00,2026-09-04 07:34:47.75592+00
kik,2026-08-31,7929,552f3c7fc0f6bb63,price_up,4.99,,2.50,2026-09-04 07:34:47.75592+00
kik,2026-08-31,7930,55c4c3b56dbd5173,price_up,6.99,,2.33,2026-09-04 07:34:47.75592+00
kik,2026-08-31,7931,5696ce057c4712d9,price_up,5.99,,3.00,2026-09-04 07:34:47.75592+00
kik,2026-08-31,7932,57298dfac3c92ec4,price_up,4.99,6.99,1.66,2026-09-04 07:34:47.75592+00
kik,2026-08-31,7933,579cb08fd8424785,price_up,2.99,4.99,1.50,2026-09-04 07:34:47.75592+00
kik,2026-08-31,7934,5817e0fb96ee5fc8,price_up,4.99,,2.50,2026-09-04 07:34:47.75592+00
kik,2026-08-31,7935,5982f178d27ba1f1,price_up,2.99,5.99,2.00,2026-09-04 07:34:47.75592+00
kik,2026-08-31,7936,5a27e5e65368b80b,price_up,1.99,6.99,1.00,2026-09-04 07:34:47.75592+00
kik,2026-08-31,7937,5b4ce71b7f8e247d,price_up,5.99,,3.00,2026-09-04 07:34:47.75592+00
kik,2026-08-31,7938,5b9c0024495b3ab7,price_up,2.99,4.99,1.50,2026-09-04 07:34:47.75592+00
kik,2026-08-31,7939,5c3883f3a55da6d5,price_up,9.99,14.99,1.43,2026-09-04 07:34:47.75592+00
kik,2026-08-31,7940,5e3b8fe0e63e08fe,price_up,1.99,4.99,1.00,2026-09-04 07:34:47.75592+00
kik,2026-08-31,7941,5e6d26e3562ae406,price_up,2.99,5.99,2.00,2026-09-04 07:34:47.75592+00
kik,2026-08-31,7942,5ef764d47aa89771,price_up,5.99,,3.00,2026-09-04 07:34:47.75592+00
kik,2026-08-31,7943,624298dcae6b83ad,price_up,2.99,4.99,1.50,2026-09-04 07:34:47.75592+00
kik,2026-08-31,7944,62bb0cb986de6f61,price_up,2.99,4.99,1.50,2026-09-04 07:34:47.75592+00
kik,2026-08-31,7945,62e1c1fcd3d5d3af,price_up,2.99,4.99,1.50,2026-09-04 07:34:47.75592+00
kik,2026-08-31,7946,6322428c33f8dbc7,price_up,3.99,,2.00,2026-09-04 07:34:47.75592+00
kik,2026-08-31,7947,63353632fe463a8b,price_up,1.99,4.99,1.50,2026-09-04 07:34:47.75592+00
kik,2026-08-31,7948,63415bc854daada3,price_up,2.99,4.99,0.43,2026-09-04 07:34:47.75592+00
kik,2026-08-31,7949,63dce2f9f77f7daf,price_up,2.99,5.99,2.00,2026-09-04 07:34:47.75592+00
kik,2026-08-31,7950,65f3118f8a499e95,price_up,3.49,,1.16,2026-09-04 07:34:47.75592+00
kik,2026-08-31,7951,665feae5b437c4b7,price_up,2.99,5.99,1.50,2026-09-04 07:34:47.75592+00
kik,2026-08-31,7952,6787e0ad5abf2372,price_up,2.99,,1.00,2026-09-04 07:34:47.75592+00
kik,2026-08-31,7953,679366d9671f82c4,price_up,3.99,,2.00,2026-09-04 07:34:47.75592+00
kik,2026-08-31,7954,68550626d8833f93,price_up,4.99,,1.66,2026-09-04 07:34:47.75592+00
kik,2026-08-31,7955,6b52261fa2efd491,price_up,2.99,4.99,1.50,2026-09-04 07:34:47.75592+00
kik,2026-08-31,7956,6bcda43139e30a25,price_up,6.99,,3.50,2026-09-04 07:34:47.75592+00
kik,2026-08-31,7957,6cb6677c6b3ee600,price_up,1.99,3.49,0.50,2026-09-04 07:34:47.75592+00
kik,2026-08-31,7958,6d235165be54256d,price_up,4.99,,2.50,2026-09-04 07:34:47.75592+00
kik,2026-08-31,7959,6d5c7f4773a41523,price_up,6.99,,2.33,2026-09-04 07:34:47.75592+00
kik,2026-08-31,7960,6d8974b87b712b6e,price_up,2.99,3.99,0.75,2026-09-04 07:34:47.75592+00
kik,2026-08-31,7961,6e2325783afb9e45,price_up,3.99,,0.57,2026-09-04 07:34:47.75592+00
kik,2026-08-31,7962,6f1f8c7c95e9a9a2,price_up,3.99,,0.57,2026-09-04 07:34:47.75592+00
kik,2026-08-31,7963,6f3cecd45f04d203,price_up,1.99,3.49,0.50,2026-09-04 07:34:47.75592+00
kik,2026-08-31,7964,6f945f228618c7f4,price_up,4.99,,2.50,2026-09-04 07:34:47.75592+00
kik,2026-08-31,7965,6faa23dc556d479e,price_up,3.99,5.99,2.00,2026-09-04 07:34:47.75592+00
kik,2026-08-31,7966,6fc2dff8b577eef2,price_up,1.99,3.49,0.66,2026-09-04 07:34:47.75592+00
kik,2026-08-31,7967,6fd8175329e28d0b,price_up,2.99,5.99,1.50,2026-09-04 07:34:47.75592+00
kik,2026-08-31,7968,71643de59e686c84,price_up,3.99,,0.67,2026-09-04 07:34:47.75592+00
kik,2026-08-31,7969,7200e7118ffcbe15,price_up,5.99,,3.00,2026-09-04 07:34:47.75592+00
kik,2026-08-31,7970,72145a0d2ad2eafb,price_up,5.99,,3.00,2026-09-04 07:34:47.75592+00
kik,2026-08-31,7971,72a2bc1fc8514043,price_up,2.49,,0.50,2026-09-04 07:34:47.75592+00
kik,2026-08-31,7972,7381962155780b10,price_up,6.99,,2.33,2026-09-04 07:34:47.75592+00
kik,2026-08-31,7973,77e566096c8c930f,price_up,5.99,,3.00,2026-09-04 07:34:47.75592+00
kik,2026-08-31,7974,79c60aaebc498e29,price_up,5.99,,3.00,2026-09-04 07:34:47.75592+00
kik,2026-08-31,7975,7a6e292eaf1e27ab,price_up,1.99,3.99,0.28,2026-09-04 07:34:47.75592+00
kik,2026-08-31,7976,7b0abc189a408613,price_up,3.49,6.99,2.50,2026-09-04 07:34:47.75592+00
kik,2026-08-31,7977,7b4503d9a1f4c002,price_up,6.99,,3.50,2026-09-04 07:34:47.75592+00
kik,2026-08-31,7978,7d74551609715825,price_up,3.49,6.99,2.50,2026-09-04 07:34:47.75592+00
kik,2026-08-31,7979,7da2718eb1c2b8cf,price_up,2.99,3.99,0.75,2026-09-04 07:34:47.75592+00
kik,2026-08-31,7980,7ec41533d9309e28,price_up,5.99,,3.00,2026-09-04 07:34:47.75592+00
kik,2026-08-31,7981,7fd984a27bff78bf,price_up,2.99,5.99,1.00,2026-09-04 07:34:47.75592+00
kik,2026-08-31,7982,7fdb286780bd37dc,price_up,3.99,,1.33,2026-09-04 07:34:47.75592+00
kik,2026-08-31,7983,800b48c7b84f5089,price_up,4.99,,2.50,2026-09-04 07:34:47.75592+00
kik,2026-08-31,7984,80b509b269d52633,price_up,3.99,,1.00,2026-09-04 07:34:47.75592+00
kik,2026-08-31,7985,8139eb11c7faa886,price_up,1.99,2.99,0.66,2026-09-04 07:34:47.75592+00
kik,2026-08-31,7986,81a77d00a1792e2f,price_up,1.99,3.99,1.00,2026-09-04 07:34:47.75592+00
kik,2026-08-31,7987,83d0f6f3646020ce,price_up,6.99,,3.50,2026-09-04 07:34:47.75592+00
kik,2026-08-31,7988,8456272fe5dd6611,price_up,3.99,6.99,1.66,2026-09-04 07:34:47.75592+00
kik,2026-08-31,7989,84efff1bfd1b88e5,price_up,4.99,,2.50,2026-09-04 07:34:47.75592+00
kik,2026-08-31,7990,8625916d2e5657c4,price_up,3.99,,2.00,2026-09-04 07:34:47.75592+00
kik,2026-08-31,7991,864c6f8e28821a7b,price_up,1.99,3.49,0.66,2026-09-04 07:34:47.75592+00
kik,2026-08-31,7992,88674cc6896432c5,price_up,6.99,,2.33,2026-09-04 07:34:47.75592+00
kik,2026-08-31,7993,8879e6e396f0200d,price_up,2.99,4.99,1.50,2026-09-04 07:34:47.75592+00
kik,2026-08-31,7994,888c68976c68b4b8,price_up,3.99,,2.00,2026-09-04 07:34:47.75592+00
kik,2026-08-31,7995,89836c9f1ffc0ba6,price_up,2.99,4.99,1.50,2026-09-04 07:34:47.75592+00
kik,2026-08-31,7996,8a9985d8e9858925,price_up,4.99,,2.50,2026-09-04 07:34:47.75592+00
kik,2026-08-31,7997,8b03256c4a178ba3,price_up,1.99,6.99,1.00,2026-09-04 07:34:47.75592+00
kik,2026-08-31,7998,8be0992b9adda9f0,price_up,1.00,2.99,0.50,2026-09-04 07:34:47.75592+00
kik,2026-08-31,7999,8d8de3ad6db9a093,price_up,5.99,,3.00,2026-09-04 07:34:47.75592+00
kik,2026-08-31,8000,8e4fb11358a4717f,price_up,1.99,4.99,1.00,2026-09-04 07:34:47.75592+00
kik,2026-08-31,8001,8ed1fb941ff9fe94,price_up,1.99,3.49,0.50,2026-09-04 07:34:47.75592+00
kik,2026-08-31,8002,8efe8f2ae5bdfd93,price_up,5.99,,3.00,2026-09-04 07:34:47.75592+00
kik,2026-08-31,8003,9132350499cfca89,price_up,3.49,,1.16,2026-09-04 07:34:47.75592+00
kik,2026-08-31,8004,91871a8c2a8f910a,price_up,3.99,,2.00,2026-09-04 07:34:47.75592+00
kik,2026-08-31,8005,91e68ed5ae1bb236,price_up,5.99,,3.00,2026-09-04 07:34:47.75592+00
kik,2026-08-31,8006,9296935135663e54,price_up,4.99,6.99,1.66,2026-09-04 07:34:47.75592+00
kik,2026-08-31,8007,92e714622a315582,price_up,5.99,,3.00,2026-09-04 07:34:47.75592+00
kik,2026-08-31,8008,9319c8b4b512e3d6,price_up,2.99,5.99,2.00,2026-09-04 07:34:47.75592+00
kik,2026-08-31,8009,9446e7ff85395138,price_up,3.99,6.99,1.66,2026-09-04 07:34:47.75592+00
kik,2026-08-31,8010,94abfed88743e18d,price_up,4.99,,2.50,2026-09-04 07:34:47.75592+00
kik,2026-08-31,8011,9582297a41e5bd74,price_up,3.99,,2.00,2026-09-04 07:34:47.75592+00
kik,2026-08-31,8012,95d9014fa8ad6e0f,price_up,1.99,3.99,0.28,2026-09-04 07:34:47.75592+00
kik,2026-08-31,8013,95e5457f33ef9f2b,price_up,6.99,,3.50,2026-09-04 07:34:47.75592+00
kik,2026-08-31,8014,974475f51ceaafa1,price_up,3.49,6.99,1.66,2026-09-04 07:34:47.75592+00
kik,2026-08-31,8015,9981bd0650356eee,price_up,4.99,6.99,2.50,2026-09-04 07:34:47.75592+00
kik,2026-08-31,8016,9a0aed4df14af1ef,price_up,5.99,,1.20,2026-09-04 07:34:47.75592+00
kik,2026-08-31,8017,9a0c494b912f05ff,price_up,4.99,,2.50,2026-09-04 07:34:47.75592+00
kik,2026-08-31,8018,9b8170e687897081,price_up,2.99,,1.50,2026-09-04 07:34:47.75592+00
kik,2026-08-31,8019,9c501e1cb4b4ac05,price_up,5.99,,2.00,2026-09-04 07:34:47.75592+00
kik,2026-08-31,8020,9e6eceefa247a43f,price_up,6.99,,2.33,2026-09-04 07:34:47.75592+00
kik,2026-08-31,8021,9e85edb840007452,price_up,4.99,,1.66,2026-09-04 07:34:47.75592+00
kik,2026-08-31,8022,9e980e8ec63b61ee,price_up,3.99,,1.33,2026-09-04 07:34:47.75592+00
kik,2026-08-31,8023,9ebfddd20547be87,price_up,2.99,,0.60,2026-09-04 07:34:47.75592+00
kik,2026-08-31,8024,9f101d93cf116f44,price_up,5.99,,3.00,2026-09-04 07:34:47.75592+00
kik,2026-08-31,8025,9f50aa98f40fbf19,price_up,4.99,,2.50,2026-09-04 07:34:47.75592+00
kik,2026-08-31,8026,9f88ff8dc0fda325,price_up,5.99,,3.00,2026-09-04 07:34:47.75592+00
kik,2026-08-31,8027,9ffeb330434d5752,price_up,5.99,,3.00,2026-09-04 07:34:47.75592+00
kik,2026-08-31,8028,a0c5b835ba70d835,price_up,5.99,,3.00,2026-09-04 07:34:47.75592+00
kik,2026-08-31,8029,a104a30fe5b470dc,price_up,2.99,5.99,2.00,2026-09-04 07:34:47.75592+00
kik,2026-08-31,8030,a141fba9c69d5255,price_up,3.99,,0.80,2026-09-04 07:34:47.75592+00
kik,2026-08-31,8031,a1bddfa6e2b6f13c,price_up,6.99,,3.50,2026-09-04 07:34:47.75592+00
kik,2026-08-31,8032,a218f134612919ea,price_up,3.99,,2.00,2026-09-04 07:34:47.75592+00
kik,2026-08-31,8033,a222a6d862553d07,price_up,5.99,,3.00,2026-09-04 07:34:47.75592+00
kik,2026-08-31,8034,a28c28fed94a1b78,price_up,2.99,,1.00,2026-09-04 07:34:47.75592+00
kik,2026-08-31,8035,a37444eabb2f6388,price_up,4.99,,2.50,2026-09-04 07:34:47.75592+00
kik,2026-08-31,8036,a3dc96c862a2c645,price_up,3.99,6.99,1.66,2026-09-04 07:34:47.75592+00
kik,2026-08-31,8037,a3ff580498ce9eab,price_up,2.99,5.99,2.00,2026-09-04 07:34:47.75592+00
kik,2026-08-31,8038,a439d67b138ec2bc,price_up,3.99,6.99,1.66,2026-09-04 07:34:47.75592+00
kik,2026-08-31,8039,a4ed2eca6ef46d32,price_up,3.99,,2.00,2026-09-04 07:34:47.75592+00
kik,2026-08-31,8040,a52f74817d621041,price_up,5.99,,3.00,2026-09-04 07:34:47.75592+00
kik,2026-08-31,8041,a58f332b8067a922,price_up,2.99,5.99,1.50,2026-09-04 07:34:47.75592+00
kik,2026-08-31,8042,a73a315bc1217ee2,price_up,1.99,3.49,0.66,2026-09-04 07:34:47.75592+00
kik,2026-08-31,8043,a8d75b687ef8d7d7,price_up,2.99,4.99,1.50,2026-09-04 07:34:47.75592+00
kik,2026-08-31,8044,a94bb43a4d355b1c,price_up,1.99,3.49,0.66,2026-09-04 07:34:47.75592+00
kik,2026-08-31,8045,a96e6fc84aec8197,price_up,3.49,,1.16,2026-09-04 07:34:47.75592+00
kik,2026-08-31,8046,aa361f66d9fa05e4,price_up,5.99,,3.00,2026-09-04 07:34:47.75592+00
kik,2026-08-31,8047,aad049ed56480e44,price_up,2.99,3.99,0.75,2026-09-04 07:34:47.75592+00
kik,2026-08-31,8048,ab536f6474628f02,price_up,1.99,3.49,0.50,2026-09-04 07:34:47.75592+00
kik,2026-08-31,8049,adbc8ff93c9fef52,price_up,1.99,3.49,0.66,2026-09-04 07:34:47.75592+00
kik,2026-08-31,8050,afc59e2748d96b5f,price_up,4.99,,2.50,2026-09-04 07:34:47.75592+00
kik,2026-08-31,8051,afff158d22242724,price_up,5.99,,1.20,2026-09-04 07:34:47.75592+00
kik,2026-08-31,8052,b026d3d47ed2b1c8,price_up,1.99,3.99,1.00,2026-09-04 07:34:47.75592+00
kik,2026-08-31,8053,b0cbf8d85b456ecf,price_up,1.99,3.49,0.66,2026-09-04 07:34:47.75592+00
kik,2026-08-31,8054,b13081a5ce0c7e1e,price_up,1.00,4.99,0.25,2026-09-04 07:34:47.75592+00
kik,2026-08-31,8055,b1515c37b0707d33,price_up,2.99,,1.50,2026-09-04 07:34:47.75592+00
kik,2026-08-31,8056,b3fd374addd9a8b1,price_up,2.99,,1.50,2026-09-04 07:34:47.75592+00
kik,2026-08-31,8057,b41e84dec2da3653,price_up,1.99,4.99,1.00,2026-09-04 07:34:47.75592+00
kik,2026-08-31,8058,b77834b3d0805112,price_up,2.99,3.99,0.75,2026-09-04 07:34:47.75592+00
kik,2026-08-31,8059,b7aedb2e22fbb2e1,price_up,1.99,3.99,1.00,2026-09-04 07:34:47.75592+00
kik,2026-08-31,8060,b8b0b9e60b9da81b,price_up,1.99,3.99,0.28,2026-09-04 07:34:47.75592+00
kik,2026-08-31,8061,b8d0cc14456b2133,price_up,2.99,4.99,1.50,2026-09-04 07:34:47.75592+00
kik,2026-08-31,8062,b9adc8c8c3a92688,price_up,9.99,,3.33,2026-09-04 07:34:47.75592+00
kik,2026-08-31,8063,b9f2d5d48d1247ef,price_up,2.99,,1.00,2026-09-04 07:34:47.75592+00
kik,2026-08-31,8064,ba78b4a6e8955092,price_up,3.99,6.99,1.66,2026-09-04 07:34:47.75592+00
kik,2026-08-31,8065,bb7cef91bbdf527e,price_up,2.99,,1.50,2026-09-04 07:34:47.75592+00
kik,2026-08-31,8066,bbdfc3bd244af426,price_up,2.99,4.99,1.50,2026-09-04 07:34:47.75592+00
kik,2026-08-31,8067,bceb3671c2d0b902,price_up,5.99,,3.00,2026-09-04 07:34:47.75592+00
kik,2026-08-31,8068,bd289c081f638ffc,price_up,5.99,,3.00,2026-09-04 07:34:47.75592+00
kik,2026-08-31,8069,bd49bf8b55509750,price_up,1.99,6.99,1.00,2026-09-04 07:34:47.75592+00
kik,2026-08-31,8070,bec4ab08fd43ad80,price_up,2.99,3.99,1.50,2026-09-04 07:34:47.75592+00
kik,2026-08-31,8071,bfcf4ccb78e6a0ef,price_up,1.99,3.49,0.66,2026-09-04 07:34:47.75592+00
kik,2026-08-31,8072,c11ef5efb9a0d4f5,price_up,1.99,3.99,0.28,2026-09-04 07:34:47.75592+00
kik,2026-08-31,8073,c1aadf1b3e44a8f0,price_up,2.99,5.99,1.00,2026-09-04 07:34:47.75592+00
kik,2026-08-31,8074,c5585399fedf45d0,price_up,4.99,,2.50,2026-09-04 07:34:47.75592+00
kik,2026-08-31,8075,c56670b1df8dfac8,price_up,2.99,5.99,1.50,2026-09-04 07:34:47.75592+00
kik,2026-08-31,8076,c6c95f018574efcd,price_up,5.99,,3.00,2026-09-04 07:34:47.75592+00
kik,2026-08-31,8077,c6d958bf6d8b6258,price_up,2.99,4.99,1.00,2026-09-04 07:34:47.75592+00
kik,2026-08-31,8078,c9988104f1428d75,price_up,1.99,3.49,0.50,2026-09-04 07:34:47.75592+00
kik,2026-08-31,8079,ce84112da177ccb6,price_up,6.99,,2.33,2026-09-04 07:34:47.75592+00
kik,2026-08-31,8080,cfba5c57d179af21,price_up,2.99,,0.50,2026-09-04 07:34:47.75592+00
kik,2026-08-31,8081,cffeed4a6c9eea72,price_up,3.49,,1.16,2026-09-04 07:34:47.75592+00
kik,2026-08-31,8082,d2913911733bfb2e,price_up,2.99,3.99,1.00,2026-09-04 07:34:47.75592+00
kik,2026-08-31,8083,d33d2f2aa7457c75,price_up,1.99,3.99,0.28,2026-09-04 07:34:47.75592+00
kik,2026-08-31,8084,d38a15513896a6ab,price_up,6.99,,3.50,2026-09-04 07:34:47.75592+00
kik,2026-08-31,8085,d4bcd6c57d2147d2,price_up,3.99,6.99,2.50,2026-09-04 07:34:47.75592+00
kik,2026-08-31,8086,d5bcc5f40a0bd044,price_up,2.99,4.99,1.00,2026-09-04 07:34:47.75592+00
kik,2026-08-31,8087,d5f1b8dcc0d72b6e,price_up,2.99,3.99,1.00,2026-09-04 07:34:47.75592+00
kik,2026-08-31,8088,d68622158d6d0b7f,price_up,5.99,,3.00,2026-09-04 07:34:47.75592+00
kik,2026-08-31,8089,d6c342e157ca6210,price_up,4.99,,2.50,2026-09-04 07:34:47.75592+00
kik,2026-08-31,8090,d6c52564f1f30706,price_up,6.99,,2.33,2026-09-04 07:34:47.75592+00
kik,2026-08-31,8091,d8c5e1e354a0596d,price_up,4.99,,1.66,2026-09-04 07:34:47.75592+00
kik,2026-08-31,8092,d97d669f313c6e33,price_up,3.49,,1.16,2026-09-04 07:34:47.75592+00
kik,2026-08-31,8093,dab1b2094e4d5236,price_up,5.99,,3.00,2026-09-04 07:34:47.75592+00
kik,2026-08-31,8094,dba668afbe3f7d9d,price_up,5.99,,3.00,2026-09-04 07:34:47.75592+00
kik,2026-08-31,8095,dd420d9d1bf02bac,price_up,3.99,,0.57,2026-09-04 07:34:47.75592+00
kik,2026-08-31,8096,de526f7aa6ebf7fd,price_up,1.99,3.99,1.00,2026-09-04 07:34:47.75592+00
kik,2026-08-31,8097,de9d34e03316cf85,price_up,6.99,,3.50,2026-09-04 07:34:47.75592+00
kik,2026-08-31,8098,dec33945939764f1,price_up,1.99,4.99,1.00,2026-09-04 07:34:47.75592+00
kik,2026-08-31,8099,deca9a7d6511ba2e,price_up,5.99,,3.00,2026-09-04 07:34:47.75592+00
kik,2026-08-31,8100,df26b3ded98490a2,price_up,2.99,5.99,1.50,2026-09-04 07:34:47.75592+00
kik,2026-08-31,8101,df9149d1ddbaa58d,price_up,4.99,,2.50,2026-09-04 07:34:47.75592+00
kik,2026-08-31,8102,dfd8f770e16c8153,price_up,4.99,,2.50,2026-09-04 07:34:47.75592+00
kik,2026-08-31,8103,e0151eb8f36417db,price_up,5.99,,3.00,2026-09-04 07:34:47.75592+00
kik,2026-08-31,8104,e02b7256f205372e,price_up,3.99,,2.00,2026-09-04 07:34:47.75592+00
kik,2026-08-31,8105,e0d54237e82e194e,price_up,2.99,5.99,2.00,2026-09-04 07:34:47.75592+00
kik,2026-08-31,8106,e1828dacc06e978c,price_up,3.99,,1.33,2026-09-04 07:34:47.75592+00
kik,2026-08-31,8107,e2e00ce62dff19c5,price_up,2.99,,1.00,2026-09-04 07:34:47.75592+00
kik,2026-08-31,8108,e2fcd0bf0692bb96,price_up,1.99,3.99,0.66,2026-09-04 07:34:47.75592+00
kik,2026-08-31,8109,e65302d94298cdcc,price_up,3.99,,2.00,2026-09-04 07:34:47.75592+00
kik,2026-08-31,8110,e6590ccb98576ecf,price_up,4.99,,2.50,2026-09-04 07:34:47.75592+00
kik,2026-08-31,8111,e6ab852cf839810e,price_up,4.99,,2.50,2026-09-04 07:34:47.75592+00
kik,2026-08-31,8112,e739433a90863438,price_up,2.99,,1.50,2026-09-04 07:34:47.75592+00
kik,2026-08-31,8113,e741823ef065a723,price_up,3.49,,1.16,2026-09-04 07:34:47.75592+00
kik,2026-08-31,8114,e808d2feea4f52a4,price_up,2.99,3.99,0.75,2026-09-04 07:34:47.75592+00
kik,2026-08-31,8115,e837614ee22405b8,price_up,6.99,,2.33,2026-09-04 07:34:47.75592+00
kik,2026-08-31,8116,e83fe97db739b859,price_up,2.99,5.99,2.00,2026-09-04 07:34:47.75592+00
kik,2026-08-31,8117,e9a63f4dc792a47f,price_up,2.99,3.99,1.00,2026-09-04 07:34:47.75592+00
kik,2026-08-31,8118,ea1086306ee0db01,price_up,5.99,,3.00,2026-09-04 07:34:47.75592+00
kik,2026-08-31,8119,ec29f662afa54bf3,price_up,3.99,6.99,1.66,2026-09-04 07:34:47.75592+00
kik,2026-08-31,8120,ed5d8b2551739ea7,price_up,2.99,4.99,1.50,2026-09-04 07:34:47.75592+00
kik,2026-08-31,8121,ed7c8d022b5cb34b,price_up,4.99,,2.50,2026-09-04 07:34:47.75592+00
kik,2026-08-31,8122,efed84ddc1ecedcb,price_up,2.99,5.99,2.00,2026-09-04 07:34:47.75592+00
kik,2026-08-31,8123,f04d0a3748c3feac,price_up,3.99,,1.00,2026-09-04 07:34:47.75592+00
kik,2026-08-31,8124,f0714ee161915166,price_up,3.99,,2.00,2026-09-04 07:34:47.75592+00
kik,2026-08-31,8125,f2304cce6f1955e9,price_up,1.99,4.99,1.00,2026-09-04 07:34:47.75592+00
kik,2026-08-31,8126,f2afcab5c6c3d7fc,price_up,1.99,3.49,0.66,2026-09-04 07:34:47.75592+00
kik,2026-08-31,8127,f2dd7f5e56e0cdee,price_up,2.99,4.99,1.50,2026-09-04 07:34:47.75592+00
kik,2026-08-31,8128,f32f8bfc353dc24d,price_up,5.99,,3.00,2026-09-04 07:34:47.75592+00
kik,2026-08-31,8129,f35026dc0f047fa6,price_up,1.99,2.99,0.66,2026-09-04 07:34:47.75592+00
kik,2026-08-31,8130,f46380711e2f58e4,price_up,6.99,,2.33,2026-09-04 07:34:47.75592+00
kik,2026-08-31,8131,f526b3258d4fe288,price_up,6.99,,2.33,2026-09-04 07:34:47.75592+00
kik,2026-08-31,8132,f583988744ac5516,price_up,3.99,,1.33,2026-09-04 07:34:47.75592+00
kik,2026-08-31,8133,f702a52492f21987,price_up,2.99,5.99,1.50,2026-09-04 07:34:47.75592+00
kik,2026-08-31,8134,f74d3f59cb31c1e7,price_up,4.99,,2.50,2026-09-04 07:34:47.75592+00
kik,2026-08-31,8135,f83abc7acff35583,price_up,1.99,6.99,1.00,2026-09-04 07:34:47.75592+00
kik,2026-08-31,8136,f91ce84ca4ff659e,price_up,3.49,6.99,1.66,2026-09-04 07:34:47.75592+00
kik,2026-08-31,8137,fb11bec9bc96266c,price_up,2.99,3.99,0.75,2026-09-04 07:34:47.75592+00
kik,2026-08-31,8138,fb978a73e618ece7,price_up,2.99,4.99,1.50,2026-09-04 07:34:47.75592+00
kik,2026-08-31,8139,fc5120a973fbcfdf,price_up,1.99,3.49,0.66,2026-09-04 07:34:47.75592+00
kik,2026-08-31,8140,fe422a1054eb68d7,price_up,2.99,5.99,2.00,2026-09-04 07:34:47.75592+00
kik,2026-08-31,8141,ff40810b512eb8aa,price_up,2.99,4.99,1.50,2026-09-04 07:34:47.75592+00
kik,2026-08-31,8142,fff3e16a3d74352a,price_up,3.99,,1.33,2026-09-04 07:34:47.75592+00
kik,2026-08-31,8143,025d30980eac2559,price_down,4.59,8.99,8.99,2026-09-04 07:34:47.75592+00
kik,2026-08-31,8144,02c4af567738a1fc,price_down,2.99,8.99,5.99,2026-09-04 07:34:47.75592+00
kik,2026-08-31,8145,0369bbe8050b7c79,price_down,1.00,2.99,2.99,2026-09-04 07:34:47.75592+00
kik,2026-08-31,8146,05b8d6aa60eed128,price_down,4.59,8.99,8.99,2026-09-04 07:34:47.75592+00
kik,2026-08-31,8147,08cb664afdccb4b6,price_down,4.99,9.99,6.99,2026-09-04 07:34:47.75592+00
kik,2026-08-31,8148,0ae452c4ba9c51ad,price_down,4.99,6.99,6.99,2026-09-04 07:34:47.75592+00
kik,2026-08-31,8149,0d0e317d0123ad1c,price_down,2.99,5.99,5.99,2026-09-04 07:34:47.75592+00
kik,2026-08-31,8150,0d5996455848e629,price_down,3.99,6.99,6.99,2026-09-04 07:34:47.75592+00
kik,2026-08-31,8151,0f9b74eecb49770b,price_down,3.99,6.99,6.99,2026-09-04 07:34:47.75592+00
kik,2026-08-31,8152,0fa62bac6200806f,price_down,3.99,6.99,6.99,2026-09-04 07:34:47.75592+00
kik,2026-08-31,8153,11a699344d84b4ab,price_down,4.99,6.99,6.99,2026-09-04 07:34:47.75592+00
kik,2026-08-31,8154,1299acb494f82cea,price_down,3.99,6.99,6.99,2026-09-04 07:34:47.75592+00
kik,2026-08-31,8155,154def888f387082,price_down,1.99,5.99,5.99,2026-09-04 07:34:47.75592+00
kik,2026-08-31,8156,161981f90a0e6ced,price_down,4.99,6.99,6.99,2026-09-04 07:34:47.75592+00
kik,2026-08-31,8157,1a11293c651c1f7f,price_down,2.99,4.99,4.99,2026-09-04 07:34:47.75592+00
kik,2026-08-31,8158,1a6f2284b4b3a961,price_down,9.99,14.99,12.99,2026-09-04 07:34:47.75592+00
kik,2026-08-31,8159,1e33a6456f4c8a57,price_down,1.99,4.99,4.99,2026-09-04 07:34:47.75592+00
kik,2026-08-31,8160,1e62fa43556a8e9b,price_down,3.99,6.99,5.99,2026-09-04 07:34:47.75592+00
kik,2026-08-31,8161,2176470873a1610b,price_down,5.99,9.99,9.99,2026-09-04 07:34:47.75592+00
kik,2026-08-31,8162,217805c1edddb972,price_down,4.99,6.99,6.99,2026-09-04 07:34:47.75592+00
kik,2026-08-31,8163,21f0514a6f8deb24,price_down,1.99,6.99,4.99,2026-09-04 07:34:47.75592+00
kik,2026-08-31,8164,25641ded58bdc9a7,price_down,3.99,6.99,6.99,2026-09-04 07:34:47.75592+00
kik,2026-08-31,8165,259795b18c1e6b80,price_down,4.59,8.99,8.99,2026-09-04 07:34:47.75592+00
kik,2026-08-31,8166,27676ff46ff8e6ea,price_down,2.99,5.99,5.99,2026-09-04 07:34:47.75592+00
kik,2026-08-31,8167,2887a8caa16fbb93,price_down,3.99,7.99,5.99,2026-09-04 07:34:47.75592+00
kik,2026-08-31,8168,2d88f736a759d0ba,price_down,7.99,12.99,12.99,2026-09-04 07:34:47.75592+00
kik,2026-08-31,8169,2d8e4dfc2d6ed222,price_down,1.99,6.99,4.99,2026-09-04 07:34:47.75592+00
kik,2026-08-31,8170,35ad34865a51aa02,price_down,1.00,3.49,3.49,2026-09-04 07:34:47.75592+00
kik,2026-08-31,8171,38eb4ae586532a42,price_down,2.99,5.99,5.99,2026-09-04 07:34:47.75592+00
kik,2026-08-31,8172,3d24f7dbf004c091,price_down,3.99,6.99,6.99,2026-09-04 07:34:47.75592+00
kik,2026-08-31,8173,41e00fdafeb0ab8c,price_down,1.99,6.99,4.99,2026-09-04 07:34:47.75592+00
kik,2026-08-31,8174,42571d333b62e2f7,price_down,2.99,8.99,5.99,2026-09-04 07:34:47.75592+00
kik,2026-08-31,8175,47d4feb3fe265443,price_down,3.99,6.99,6.99,2026-09-04 07:34:47.75592+00
kik,2026-08-31,8176,4839af7c09d4b565,price_down,1.99,3.99,3.49,2026-09-04 07:34:47.75592+00
kik,2026-08-31,8177,493c78c391c630c9,price_down,2.99,3.99,3.99,2026-09-04 07:34:47.75592+00
kik,2026-08-31,8178,4b89dabae1d58d14,price_down,3.49,6.99,6.99,2026-09-04 07:34:47.75592+00
kik,2026-08-31,8179,4bb1668c61678f65,price_down,4.99,6.99,6.99,2026-09-04 07:34:47.75592+00
kik,2026-08-31,8180,4cab6516e8ce3e6d,price_down,3.99,6.99,6.99,2026-09-04 07:34:47.75592+00
kik,2026-08-31,8181,53768dd71fb3ba3b,price_down,5.99,12.99,9.99,2026-09-04 07:34:47.75592+00
kik,2026-08-31,8182,55474f8f8b46f3b5,price_down,3.99,6.99,6.99,2026-09-04 07:34:47.75592+00
kik,2026-08-31,8183,55aa3d6213e6ef84,price_down,6.99,9.99,9.99,2026-09-04 07:34:47.75592+00
kik,2026-08-31,8184,55bac0221fbfe260,price_down,3.99,6.99,6.99,2026-09-04 07:34:47.75592+00
kik,2026-08-31,8185,571e75a41349bc29,price_down,4.99,9.99,6.99,2026-09-04 07:34:47.75592+00
kik,2026-08-31,8186,573a30d840ea74cc,price_down,3.99,6.99,6.99,2026-09-04 07:34:47.75592+00
kik,2026-08-31,8187,57495bd2b079032f,price_down,3.99,6.99,6.99,2026-09-04 07:34:47.75592+00
kik,2026-08-31,8188,5ceacb028b8a58b5,price_down,1.00,2.99,2.99,2026-09-04 07:34:47.75592+00
kik,2026-08-31,8189,61ea339b047facf9,price_down,4.59,8.99,8.99,2026-09-04 07:34:47.75592+00
kik,2026-08-31,8190,62d862e7b6037da0,price_down,3.99,6.99,6.99,2026-09-04 07:34:47.75592+00
kik,2026-08-31,8191,63b2a25df22ac8ed,price_down,1.99,6.99,4.99,2026-09-04 07:34:47.75592+00
kik,2026-08-31,8192,667675bf4969264a,price_down,1.99,6.99,4.99,2026-09-04 07:34:47.75592+00
kik,2026-08-31,8193,673186b5b76973db,price_down,3.99,6.99,6.99,2026-09-04 07:34:47.75592+00
kik,2026-08-31,8194,68642e6c26815807,price_down,5.99,9.99,9.99,2026-09-04 07:34:47.75592+00
kik,2026-08-31,8195,6d487e78d1ece3aa,price_down,4.99,6.99,6.99,2026-09-04 07:34:47.75592+00
kik,2026-08-31,8196,74e45c8287080dd3,price_down,4.99,6.99,6.99,2026-09-04 07:34:47.75592+00
kik,2026-08-31,8197,795ae3cca86e5df2,price_down,1.99,6.99,4.99,2026-09-04 07:34:47.75592+00
kik,2026-08-31,8198,79e6f713822e3c1a,price_down,3.99,6.99,6.99,2026-09-04 07:34:47.75592+00
kik,2026-08-31,8199,7d0c8031a62c6f89,price_down,3.99,6.99,6.99,2026-09-04 07:34:47.75592+00
kik,2026-08-31,8200,7dec835044a289cf,price_down,3.99,5.99,5.99,2026-09-04 07:34:47.75592+00
kik,2026-08-31,8201,8480ffd1005e396e,price_down,4.59,8.99,8.99,2026-09-04 07:34:47.75592+00
kik,2026-08-31,8202,876f2a854423a48c,price_down,3.99,6.99,6.99,2026-09-04 07:34:47.75592+00
kik,2026-08-31,8203,8c80d01dac85b786,price_down,2.99,5.99,5.99,2026-09-04 07:34:47.75592+00
kik,2026-08-31,8204,8f1da36917758c35,price_down,3.99,6.99,6.99,2026-09-04 07:34:47.75592+00
kik,2026-08-31,8205,9058b4d062fdaec0,price_down,4.99,6.99,6.99,2026-09-04 07:34:47.75592+00
kik,2026-08-31,8206,911173ffd6ce918a,price_down,4.59,8.99,8.99,2026-09-04 07:34:47.75592+00
kik,2026-08-31,8207,914edb950d9320fa,price_down,3.99,5.99,5.99,2026-09-04 07:34:47.75592+00
kik,2026-08-31,8208,928caec44c5a5906,price_down,3.49,9.99,9.99,2026-09-04 07:34:47.75592+00
kik,2026-08-31,8209,968e003119e6bcfc,price_down,3.99,7.99,5.99,2026-09-04 07:34:47.75592+00
kik,2026-08-31,8210,994c13a884e6def7,price_down,1.99,6.99,4.99,2026-09-04 07:34:47.75592+00
kik,2026-08-31,8211,9f29e915d6b4d242,price_down,3.49,6.99,6.99,2026-09-04 07:34:47.75592+00
kik,2026-08-31,8212,a158104fe2e79459,price_down,4.59,8.99,8.99,2026-09-04 07:34:47.75592+00
kik,2026-08-31,8213,a1ed7da2c373ca4a,price_down,1.99,6.99,4.99,2026-09-04 07:34:47.75592+00
kik,2026-08-31,8214,a2dd97b7b04a75dd,price_down,1.00,2.99,2.99,2026-09-04 07:34:47.75592+00
kik,2026-08-31,8215,a4cafa300df03a92,price_down,4.99,6.99,6.99,2026-09-04 07:34:47.75592+00
kik,2026-08-31,8216,a516062a0ef58003,price_down,3.49,6.99,6.99,2026-09-04 07:34:47.75592+00
kik,2026-08-31,8217,a5ce05d42ffedfed,price_down,3.99,5.99,5.99,2026-09-04 07:34:47.75592+00
kik,2026-08-31,8218,a6b1e1f3222c5aac,price_down,9.99,14.99,12.99,2026-09-04 07:34:47.75592+00
kik,2026-08-31,8219,a74c9d4c8688f822,price_down,1.99,4.99,4.99,2026-09-04 07:34:47.75592+00
kik,2026-08-31,8220,a9f56e5105ecde18,price_down,3.99,6.99,6.99,2026-09-04 07:34:47.75592+00
kik,2026-08-31,8221,ad48079b8e8c07b1,price_down,1.00,2.99,2.99,2026-09-04 07:34:47.75592+00
kik,2026-08-31,8222,afe8573d132fad6a,price_down,1.00,2.99,1.99,2026-09-04 07:34:47.75592+00
kik,2026-08-31,8223,b030a1813d242e1a,price_down,3.99,6.99,6.99,2026-09-04 07:34:47.75592+00
kik,2026-08-31,8224,b21c40bcfdd9676b,price_down,1.00,2.99,2.99,2026-09-04 07:34:47.75592+00
kik,2026-08-31,8225,b384dcd2c8cd304d,price_down,2.99,5.99,5.99,2026-09-04 07:34:47.75592+00
kik,2026-08-31,8226,b3e7c5ff43fd8605,price_down,1.99,5.99,3.99,2026-09-04 07:34:47.75592+00
kik,2026-08-31,8227,b42c6ebf002b3d16,price_down,3.99,5.99,5.99,2026-09-04 07:34:47.75592+00
kik,2026-08-31,8228,bbba4591c455b8e6,price_down,1.99,4.99,4.99,2026-09-04 07:34:47.75592+00
kik,2026-08-31,8229,bbba66172b1faf8d,price_down,3.99,5.99,5.99,2026-09-04 07:34:47.75592+00
kik,2026-08-31,8230,bc0a6bde4a09ade7,price_down,4.59,8.99,8.99,2026-09-04 07:34:47.75592+00
kik,2026-08-31,8231,c038acd820cc1b7a,price_down,2.99,5.99,5.99,2026-09-04 07:34:47.75592+00
kik,2026-08-31,8232,c07d7ea63f37d7b3,price_down,1.99,5.99,3.99,2026-09-04 07:34:47.75592+00
kik,2026-08-31,8233,c5123048b33081e9,price_down,4.99,6.99,6.99,2026-09-04 07:34:47.75592+00
kik,2026-08-31,8234,c56e7875b3207642,price_down,9.99,12.99,12.99,2026-09-04 07:34:47.75592+00
kik,2026-08-31,8235,c9baf28341078c74,price_down,1.00,2.99,2.49,2026-09-04 07:34:47.75592+00
kik,2026-08-31,8236,caa6f3c06a596e4d,price_down,2.99,7.99,6.99,2026-09-04 07:34:47.75592+00
kik,2026-08-31,8237,cb628ef79b5c1371,price_down,1.99,2.99,2.99,2026-09-04 07:34:47.75592+00
kik,2026-08-31,8238,cbb7224e6581ff3a,price_down,4.99,6.99,6.99,2026-09-04 07:34:47.75592+00
kik,2026-08-31,8239,d0df7e0ec4f6ed76,price_down,2.99,5.99,3.99,2026-09-04 07:34:47.75592+00
kik,2026-08-31,8240,d1495d3189159961,price_down,2.99,5.99,5.99,2026-09-04 07:34:47.75592+00
kik,2026-08-31,8241,d27fa961ee0476aa,price_down,2.99,5.99,5.99,2026-09-04 07:34:47.75592+00
kik,2026-08-31,8242,d383e0bdfb7d770e,price_down,2.99,5.99,5.99,2026-09-04 07:34:47.75592+00
kik,2026-08-31,8243,d4780d7d24099fa5,price_down,1.99,6.99,4.99,2026-09-04 07:34:47.75592+00
kik,2026-08-31,8244,dbf076d8861aac00,price_down,3.99,5.99,5.99,2026-09-04 07:34:47.75592+00
kik,2026-08-31,8245,df513bef0063af14,price_down,3.99,6.99,6.99,2026-09-04 07:34:47.75592+00
kik,2026-08-31,8246,e38620a1773dd72d,price_down,4.99,6.99,6.99,2026-09-04 07:34:47.75592+00
kik,2026-08-31,8247,ee273a2cf2b50e7b,price_down,3.99,6.99,6.99,2026-09-04 07:34:47.75592+00
kik,2026-08-31,8248,ee639416f95cbbc0,price_down,3.99,9.99,6.99,2026-09-04 07:34:47.75592+00
kik,2026-08-31,8249,eefe9e6b43d93c5d,price_down,3.99,5.99,5.99,2026-09-04 07:34:47.75592+00
kik,2026-08-31,8250,f047e5c83dcf8533,price_down,3.49,6.99,5.99,2026-09-04 07:34:47.75592+00
kik,2026-08-31,8251,f2c272421dda48e9,price_down,1.99,4.99,4.99,2026-09-04 07:34:47.75592+00
kik,2026-08-31,8252,f3a1ee0a25715c41,price_down,3.99,5.99,5.99,2026-09-04 07:34:47.75592+00
kik,2026-08-31,8253,f540abc50d4752a0,price_down,3.99,6.99,6.99,2026-09-04 07:34:47.75592+00
kik,2026-08-31,8254,fa3d25357f928f32,price_down,3.99,5.99,5.99,2026-09-04 07:34:47.75592+00
kik,2026-08-31,8255,fa5c8c7eaa08f947,price_down,1.00,2.99,2.99,2026-09-04 07:34:47.75592+00
kik,2026-08-31,8256,fc1837aeaa8185aa,price_down,1.99,2.99,2.99,2026-09-04 07:34:47.75592+00
kik,2026-08-31,8257,fca871ebbec9c801,price_down,4.59,8.99,8.99,2026-09-04 07:34:47.75592+00
kik,2026-08-31,8258,ffaea856b0e47a1c,price_down,5.99,9.99,9.99,2026-09-04 07:34:47.75592+00
kik,2026-08-31,8259,ffca27e86182b8f0,price_down,4.99,6.99,6.99,2026-09-04 07:34:47.75592+00
kik,2026-08-31,8260,00ea2679524ff881,promo_start,1.99,3.49,0.50,2026-09-04 07:34:47.75592+00
kik,2026-08-31,8261,025d30980eac2559,promo_start,4.59,8.99,8.99,2026-09-04 07:34:47.75592+00
kik,2026-08-31,8262,0369bbe8050b7c79,promo_start,1.00,2.99,2.99,2026-09-04 07:34:47.75592+00
kik,2026-08-31,8263,05b8d6aa60eed128,promo_start,4.59,8.99,8.99,2026-09-04 07:34:47.75592+00
kik,2026-08-31,8264,05c362f1e2cc82e9,promo_start,1.99,3.99,1.00,2026-09-04 07:34:47.75592+00
kik,2026-08-31,8265,0ae452c4ba9c51ad,promo_start,4.99,6.99,6.99,2026-09-04 07:34:47.75592+00
kik,2026-08-31,8266,0d0e317d0123ad1c,promo_start,2.99,5.99,5.99,2026-09-04 07:34:47.75592+00
kik,2026-08-31,8267,0d5996455848e629,promo_start,3.99,6.99,6.99,2026-09-04 07:34:47.75592+00
kik,2026-08-31,8268,0f9b74eecb49770b,promo_start,3.99,6.99,6.99,2026-09-04 07:34:47.75592+00
kik,2026-08-31,8269,0fa62bac6200806f,promo_start,3.99,6.99,6.99,2026-09-04 07:34:47.75592+00
kik,2026-08-31,8270,11a699344d84b4ab,promo_start,4.99,6.99,6.99,2026-09-04 07:34:47.75592+00
kik,2026-08-31,8271,1299acb494f82cea,promo_start,3.99,6.99,6.99,2026-09-04 07:34:47.75592+00
kik,2026-08-31,8272,13b6bb3e06a936c3,promo_start,1.99,3.49,0.50,2026-09-04 07:34:47.75592+00
kik,2026-08-31,8273,154def888f387082,promo_start,1.99,5.99,5.99,2026-09-04 07:34:47.75592+00
kik,2026-08-31,8274,161981f90a0e6ced,promo_start,4.99,6.99,6.99,2026-09-04 07:34:47.75592+00
kik,2026-08-31,8275,1a11293c651c1f7f,promo_start,2.99,4.99,4.99,2026-09-04 07:34:47.75592+00
kik,2026-08-31,8276,1e33a6456f4c8a57,promo_start,1.99,4.99,4.99,2026-09-04 07:34:47.75592+00
kik,2026-08-31,8277,1f2f086fa4e8ce8d,promo_start,1.99,3.49,0.66,2026-09-04 07:34:47.75592+00
kik,2026-08-31,8278,2176470873a1610b,promo_start,5.99,9.99,9.99,2026-09-04 07:34:47.75592+00
kik,2026-08-31,8279,217805c1edddb972,promo_start,4.99,6.99,6.99,2026-09-04 07:34:47.75592+00
kik,2026-08-31,8280,25641ded58bdc9a7,promo_start,3.99,6.99,6.99,2026-09-04 07:34:47.75592+00
kik,2026-08-31,8281,2570a7ffd64162ee,promo_start,1.99,3.49,0.66,2026-09-04 07:34:47.75592+00
kik,2026-08-31,8282,259795b18c1e6b80,promo_start,4.59,8.99,8.99,2026-09-04 07:34:47.75592+00
kik,2026-08-31,8283,27676ff46ff8e6ea,promo_start,2.99,5.99,5.99,2026-09-04 07:34:47.75592+00
kik,2026-08-31,8284,29d77c7e79059293,promo_start,1.99,3.49,0.50,2026-09-04 07:34:47.75592+00
kik,2026-08-31,8285,2d88f736a759d0ba,promo_start,7.99,12.99,12.99,2026-09-04 07:34:47.75592+00
kik,2026-08-31,8286,35ad34865a51aa02,promo_start,1.00,3.49,3.49,2026-09-04 07:34:47.75592+00
kik,2026-08-31,8287,38eb4ae586532a42,promo_start,2.99,5.99,5.99,2026-09-04 07:34:47.75592+00
kik,2026-08-31,8288,398c48b3893c106f,promo_start,1.99,3.49,0.66,2026-09-04 07:34:47.75592+00
kik,2026-08-31,8289,3d24f7dbf004c091,promo_start,3.99,6.99,6.99,2026-09-04 07:34:47.75592+00
kik,2026-08-31,8290,3d7fb249469da068,promo_start,1.99,3.49,0.66,2026-09-04 07:34:47.75592+00
kik,2026-08-31,8291,47d4feb3fe265443,promo_start,3.99,6.99,6.99,2026-09-04 07:34:47.75592+00
kik,2026-08-31,8292,493c78c391c630c9,promo_start,2.99,3.99,3.99,2026-09-04 07:34:47.75592+00
kik,2026-08-31,8293,4b89dabae1d58d14,promo_start,3.49,6.99,6.99,2026-09-04 07:34:47.75592+00
kik,2026-08-31,8294,4bb1668c61678f65,promo_start,4.99,6.99,6.99,2026-09-04 07:34:47.75592+00
kik,2026-08-31,8295,4cab6516e8ce3e6d,promo_start,3.99,6.99,6.99,2026-09-04 07:34:47.75592+00
kik,2026-08-31,8296,52e67bbc512f3177,promo_start,1.99,3.49,0.50,2026-09-04 07:34:47.75592+00
kik,2026-08-31,8297,55474f8f8b46f3b5,promo_start,3.99,6.99,6.99,2026-09-04 07:34:47.75592+00
kik,2026-08-31,8298,55aa3d6213e6ef84,promo_start,6.99,9.99,9.99,2026-09-04 07:34:47.75592+00
kik,2026-08-31,8299,55bac0221fbfe260,promo_start,3.99,6.99,6.99,2026-09-04 07:34:47.75592+00
kik,2026-08-31,8300,573a30d840ea74cc,promo_start,3.99,6.99,6.99,2026-09-04 07:34:47.75592+00
kik,2026-08-31,8301,57495bd2b079032f,promo_start,3.99,6.99,6.99,2026-09-04 07:34:47.75592+00
kik,2026-08-31,8302,5ceacb028b8a58b5,promo_start,1.00,2.99,2.99,2026-09-04 07:34:47.75592+00
kik,2026-08-31,8303,61ea339b047facf9,promo_start,4.59,8.99,8.99,2026-09-04 07:34:47.75592+00
kik,2026-08-31,8304,62d862e7b6037da0,promo_start,3.99,6.99,6.99,2026-09-04 07:34:47.75592+00
kik,2026-08-31,8305,673186b5b76973db,promo_start,3.99,6.99,6.99,2026-09-04 07:34:47.75592+00
kik,2026-08-31,8306,68642e6c26815807,promo_start,5.99,9.99,9.99,2026-09-04 07:34:47.75592+00
kik,2026-08-31,8307,6cb6677c6b3ee600,promo_start,1.99,3.49,0.50,2026-09-04 07:34:47.75592+00
kik,2026-08-31,8308,6d487e78d1ece3aa,promo_start,4.99,6.99,6.99,2026-09-04 07:34:47.75592+00
kik,2026-08-31,8309,6f3cecd45f04d203,promo_start,1.99,3.49,0.50,2026-09-04 07:34:47.75592+00
kik,2026-08-31,8310,6fc2dff8b577eef2,promo_start,1.99,3.49,0.66,2026-09-04 07:34:47.75592+00
kik,2026-08-31,8311,74e45c8287080dd3,promo_start,4.99,6.99,6.99,2026-09-04 07:34:47.75592+00
kik,2026-08-31,8312,79e6f713822e3c1a,promo_start,3.99,6.99,6.99,2026-09-04 07:34:47.75592+00
kik,2026-08-31,8313,7a6e292eaf1e27ab,promo_start,1.99,3.99,0.28,2026-09-04 07:34:47.75592+00
kik,2026-08-31,8314,7d0c8031a62c6f89,promo_start,3.99,6.99,6.99,2026-09-04 07:34:47.75592+00
kik,2026-08-31,8315,7dec835044a289cf,promo_start,3.99,5.99,5.99,2026-09-04 07:34:47.75592+00
kik,2026-08-31,8316,8139eb11c7faa886,promo_start,1.99,2.99,0.66,2026-09-04 07:34:47.75592+00
kik,2026-08-31,8317,81a77d00a1792e2f,promo_start,1.99,3.99,1.00,2026-09-04 07:34:47.75592+00
kik,2026-08-31,8318,8480ffd1005e396e,promo_start,4.59,8.99,8.99,2026-09-04 07:34:47.75592+00
kik,2026-08-31,8319,864c6f8e28821a7b,promo_start,1.99,3.49,0.66,2026-09-04 07:34:47.75592+00
kik,2026-08-31,8320,876f2a854423a48c,promo_start,3.99,6.99,6.99,2026-09-04 07:34:47.75592+00
kik,2026-08-31,8321,8be0992b9adda9f0,promo_start,1.00,2.99,0.50,2026-09-04 07:34:47.75592+00
kik,2026-08-31,8322,8c80d01dac85b786,promo_start,2.99,5.99,5.99,2026-09-04 07:34:47.75592+00
kik,2026-08-31,8323,8ed1fb941ff9fe94,promo_start,1.99,3.49,0.50,2026-09-04 07:34:47.75592+00
kik,2026-08-31,8324,8f1da36917758c35,promo_start,3.99,6.99,6.99,2026-09-04 07:34:47.75592+00
kik,2026-08-31,8325,9058b4d062fdaec0,promo_start,4.99,6.99,6.99,2026-09-04 07:34:47.75592+00
kik,2026-08-31,8326,911173ffd6ce918a,promo_start,4.59,8.99,8.99,2026-09-04 07:34:47.75592+00
kik,2026-08-31,8327,914edb950d9320fa,promo_start,3.99,5.99,5.99,2026-09-04 07:34:47.75592+00
kik,2026-08-31,8328,928caec44c5a5906,promo_start,3.49,9.99,9.99,2026-09-04 07:34:47.75592+00
kik,2026-08-31,8329,95d9014fa8ad6e0f,promo_start,1.99,3.99,0.28,2026-09-04 07:34:47.75592+00
kik,2026-08-31,8330,9f29e915d6b4d242,promo_start,3.49,6.99,6.99,2026-09-04 07:34:47.75592+00
kik,2026-08-31,8331,a158104fe2e79459,promo_start,4.59,8.99,8.99,2026-09-04 07:34:47.75592+00
kik,2026-08-31,8332,a2dd97b7b04a75dd,promo_start,1.00,2.99,2.99,2026-09-04 07:34:47.75592+00
kik,2026-08-31,8333,a4cafa300df03a92,promo_start,4.99,6.99,6.99,2026-09-04 07:34:47.75592+00
kik,2026-08-31,8334,a4d4bf47c8659c8e,promo_start,1.00,2.99,1.00,2026-09-04 07:34:47.75592+00
kik,2026-08-31,8335,a516062a0ef58003,promo_start,3.49,6.99,6.99,2026-09-04 07:34:47.75592+00
kik,2026-08-31,8336,a5ce05d42ffedfed,promo_start,3.99,5.99,5.99,2026-09-04 07:34:47.75592+00
kik,2026-08-31,8337,a73a315bc1217ee2,promo_start,1.99,3.49,0.66,2026-09-04 07:34:47.75592+00
kik,2026-08-31,8338,a74c9d4c8688f822,promo_start,1.99,4.99,4.99,2026-09-04 07:34:47.75592+00
kik,2026-08-31,8339,a94bb43a4d355b1c,promo_start,1.99,3.49,0.66,2026-09-04 07:34:47.75592+00
kik,2026-08-31,8340,a9f56e5105ecde18,promo_start,3.99,6.99,6.99,2026-09-04 07:34:47.75592+00
kik,2026-08-31,8341,ab536f6474628f02,promo_start,1.99,3.49,0.50,2026-09-04 07:34:47.75592+00
kik,2026-08-31,8342,ad48079b8e8c07b1,promo_start,1.00,2.99,2.99,2026-09-04 07:34:47.75592+00
kik,2026-08-31,8343,adbc8ff93c9fef52,promo_start,1.99,3.49,0.66,2026-09-04 07:34:47.75592+00
kik,2026-08-31,8344,afe8573d132fad6a,promo_start,1.00,2.99,1.99,2026-09-04 07:34:47.75592+00
kik,2026-08-31,8345,b026d3d47ed2b1c8,promo_start,1.99,3.99,1.00,2026-09-04 07:34:47.75592+00
kik,2026-08-31,8346,b030a1813d242e1a,promo_start,3.99,6.99,6.99,2026-09-04 07:34:47.75592+00
kik,2026-08-31,8347,b0cbf8d85b456ecf,promo_start,1.99,3.49,0.66,2026-09-04 07:34:47.75592+00
kik,2026-08-31,8348,b13081a5ce0c7e1e,promo_start,1.00,4.99,0.25,2026-09-04 07:34:47.75592+00
kik,2026-08-31,8349,b21c40bcfdd9676b,promo_start,1.00,2.99,2.99,2026-09-04 07:34:47.75592+00
kik,2026-08-31,8350,b384dcd2c8cd304d,promo_start,2.99,5.99,5.99,2026-09-04 07:34:47.75592+00
kik,2026-08-31,8351,b42c6ebf002b3d16,promo_start,3.99,5.99,5.99,2026-09-04 07:34:47.75592+00
kik,2026-08-31,8352,b7aedb2e22fbb2e1,promo_start,1.99,3.99,1.00,2026-09-04 07:34:47.75592+00
kik,2026-08-31,8353,b8b0b9e60b9da81b,promo_start,1.99,3.99,0.28,2026-09-04 07:34:47.75592+00
kik,2026-08-31,8354,bbba4591c455b8e6,promo_start,1.99,4.99,4.99,2026-09-04 07:34:47.75592+00
kik,2026-08-31,8355,bbba66172b1faf8d,promo_start,3.99,5.99,5.99,2026-09-04 07:34:47.75592+00
kik,2026-08-31,8356,bc0a6bde4a09ade7,promo_start,4.59,8.99,8.99,2026-09-04 07:34:47.75592+00
kik,2026-08-31,8357,bfcf4ccb78e6a0ef,promo_start,1.99,3.49,0.66,2026-09-04 07:34:47.75592+00
kik,2026-08-31,8358,c038acd820cc1b7a,promo_start,2.99,5.99,5.99,2026-09-04 07:34:47.75592+00
kik,2026-08-31,8359,c11ef5efb9a0d4f5,promo_start,1.99,3.99,0.28,2026-09-04 07:34:47.75592+00
kik,2026-08-31,8360,c5123048b33081e9,promo_start,4.99,6.99,6.99,2026-09-04 07:34:47.75592+00
kik,2026-08-31,8361,c56e7875b3207642,promo_start,9.99,12.99,12.99,2026-09-04 07:34:47.75592+00
kik,2026-08-31,8362,c9988104f1428d75,promo_start,1.99,3.49,0.50,2026-09-04 07:34:47.75592+00
kik,2026-08-31,8363,c9baf28341078c74,promo_start,1.00,2.99,2.49,2026-09-04 07:34:47.75592+00
kik,2026-08-31,8364,cb628ef79b5c1371,promo_start,1.99,2.99,2.99,2026-09-04 07:34:47.75592+00
kik,2026-08-31,8365,cbb7224e6581ff3a,promo_start,4.99,6.99,6.99,2026-09-04 07:34:47.75592+00
kik,2026-08-31,8366,d1495d3189159961,promo_start,2.99,5.99,5.99,2026-09-04 07:34:47.75592+00
kik,2026-08-31,8367,d27fa961ee0476aa,promo_start,2.99,5.99,5.99,2026-09-04 07:34:47.75592+00
kik,2026-08-31,8368,d33d2f2aa7457c75,promo_start,1.99,3.99,0.28,2026-09-04 07:34:47.75592+00
kik,2026-08-31,8369,d383e0bdfb7d770e,promo_start,2.99,5.99,5.99,2026-09-04 07:34:47.75592+00
kik,2026-08-31,8370,dbf076d8861aac00,promo_start,3.99,5.99,5.99,2026-09-04 07:34:47.75592+00
kik,2026-08-31,8371,de526f7aa6ebf7fd,promo_start,1.99,3.99,1.00,2026-09-04 07:34:47.75592+00
kik,2026-08-31,8372,df513bef0063af14,promo_start,3.99,6.99,6.99,2026-09-04 07:34:47.75592+00
kik,2026-08-31,8373,e2fcd0bf0692bb96,promo_start,1.99,3.99,0.66,2026-09-04 07:34:47.75592+00
kik,2026-08-31,8374,e38620a1773dd72d,promo_start,4.99,6.99,6.99,2026-09-04 07:34:47.75592+00
kik,2026-08-31,8375,ee273a2cf2b50e7b,promo_start,3.99,6.99,6.99,2026-09-04 07:34:47.75592+00
kik,2026-08-31,8376,eefe9e6b43d93c5d,promo_start,3.99,5.99,5.99,2026-09-04 07:34:47.75592+00
kik,2026-08-31,8377,f2afcab5c6c3d7fc,promo_start,1.99,3.49,0.66,2026-09-04 07:34:47.75592+00
kik,2026-08-31,8378,f2c272421dda48e9,promo_start,1.99,4.99,4.99,2026-09-04 07:34:47.75592+00
kik,2026-08-31,8379,f35026dc0f047fa6,promo_start,1.99,2.99,0.66,2026-09-04 07:34:47.75592+00
kik,2026-08-31,8380,f3a1ee0a25715c41,promo_start,3.99,5.99,5.99,2026-09-04 07:34:47.75592+00
kik,2026-08-31,8381,f540abc50d4752a0,promo_start,3.99,6.99,6.99,2026-09-04 07:34:47.75592+00
kik,2026-08-31,8382,fa3d25357f928f32,promo_start,3.99,5.99,5.99,2026-09-04 07:34:47.75592+00
kik,2026-08-31,8383,fa56f28a5364856f,promo_start,1.00,4.99,1.00,2026-09-04 07:34:47.75592+00
kik,2026-08-31,8384,fa5c8c7eaa08f947,promo_start,1.00,2.99,2.99,2026-09-04 07:34:47.75592+00
kik,2026-08-31,8385,fc1837aeaa8185aa,promo_start,1.99,2.99,2.99,2026-09-04 07:34:47.75592+00
kik,2026-08-31,8386,fc5120a973fbcfdf,promo_start,1.99,3.49,0.66,2026-09-04 07:34:47.75592+00
kik,2026-08-31,8387,fca871ebbec9c801,promo_start,4.59,8.99,8.99,2026-09-04 07:34:47.75592+00
kik,2026-08-31,8388,ffaea856b0e47a1c,promo_start,5.99,9.99,9.99,2026-09-04 07:34:47.75592+00
kik,2026-08-31,8389,ffca27e86182b8f0,promo_start,4.99,6.99,6.99,2026-09-04 07:34:47.75592+00
kik,2026-08-31,8390,eb1a886eb2b6d7af,gone,,,2.00,2026-09-04 07:34:47.75592+00
kik,2026-08-31,8391,44dd738c9efc1397,gone,,,1.33,2026-09-04 07:34:47.75592+00
kik,2026-08-31,8392,a54fb20bb974b01f,gone,,,5.99,2026-09-04 07:34:47.75592+00
kik,2026-08-31,8393,7a329afbe61bc2e2,gone,,,1.50,2026-09-04 07:34:47.75592+00
kik,2026-08-31,8394,be3769206bb2c3f5,gone,,,5.99,2026-09-04 07:34:47.75592+00
kik,2026-08-31,8395,ea4f0eef4be9ff31,gone,,,3.00,2026-09-04 07:34:47.75592+00
kik,2026-08-31,8396,3451b98ae9633ee4,gone,,,0.57,2026-09-04 07:34:47.75592+00
kik,2026-08-31,8397,0f2691a05127f206,gone,,,0.80,2026-09-04 07:34:47.75592+00
kik,2026-08-31,8398,87321b8b913783d1,gone,,,5.99,2026-09-04 07:34:47.75592+00
kik,2026-08-31,8399,bee820020494c35c,gone,,,2.50,2026-09-04 07:34:47.75592+00
kik,2026-08-31,8400,aa757eb47d545935,gone,,,6.99,2026-09-04 07:34:47.75592+00
kik,2026-08-31,8401,a9e5bf9ed96c23aa,gone,,,4.99,2026-09-04 07:34:47.75592+00
kik,2026-08-31,8402,ca2bcee97a53a93e,gone,,,5.99,2026-09-04 07:34:47.75592+00
kik,2026-08-31,8403,5295281c8d4f8e66,gone,,,0.66,2026-09-04 07:34:47.75592+00
kik,2026-08-31,8404,90fd2d8a42bb420a,gone,,,1.50,2026-09-04 07:34:47.75592+00
kik,2026-08-31,8405,9b306caeea4907cd,gone,,,3.50,2026-09-04 07:34:47.75592+00
kik,2026-08-31,8406,2673c0b5d431c6db,gone,,,0.28,2026-09-04 07:34:47.75592+00
kik,2026-08-31,8407,e8e0ed03f6555fc7,gone,,,0.66,2026-09-04 07:34:47.75592+00
kik,2026-08-31,8408,79aa190403e12176,gone,,,1.00,2026-09-04 07:34:47.75592+00
kik,2026-08-31,8409,7bb64fa49992630d,gone,,,12.99,2026-09-04 07:34:47.75592+00
kik,2026-08-31,8410,14f4dcd328b7f89d,gone,,,1.00,2026-09-04 07:34:47.75592+00
kik,2026-08-31,8411,e3400832c99e1131,gone,,,0.66,2026-09-04 07:34:47.75592+00
kik,2026-08-31,8412,8b60d0cc219f783f,gone,,,6.99,2026-09-04 07:34:47.75592+00
kik,2026-08-31,8413,142cff3e7d0a1980,gone,,,2.00,2026-09-04 07:34:47.75592+00
kik,2026-08-31,8414,fc9478e357e2d3a3,gone,,,0.50,2026-09-04 07:34:47.75592+00
kik,2026-08-31,8415,61dcff11b1c7668c,gone,,,1.00,2026-09-04 07:34:47.75592+00
kik,2026-08-31,8416,1fd6091a4c50c805,gone,,,5.99,2026-09-04 07:34:47.75592+00
kik,2026-08-31,8417,c94e435f01e6d13a,gone,,,1.50,2026-09-04 07:34:47.75592+00
kik,2026-08-31,8418,1ae178eb6536e607,gone,,,1.00,2026-09-04 07:34:47.75592+00
kik,2026-08-31,8419,227a532382d78eb8,gone,,,4.99,2026-09-04 07:34:47.75592+00
kik,2026-08-31,8420,94f15b9bd38dccf9,gone,,,5.99,2026-09-04 07:34:47.75592+00
kik,2026-08-31,8421,5f24068dc00762a8,gone,,,1.00,2026-09-04 07:34:47.75592+00
kik,2026-08-31,8422,e91c80f452407bb7,new,1.99,2.99,,2026-09-04 07:53:20.052007+00
kik,2026-08-31,8423,89cf3fc3aa3d1e80,back,1.99,2.99,,2026-09-04 07:53:20.052007+00
kik,2026-08-31,8424,be3769206bb2c3f5,back,2.99,5.99,,2026-09-04 07:53:20.052007+00
kik,2026-08-31,8425,e61cb3e3bbdbc54b,gone,,,1.99,2026-09-04 07:53:20.052007+00
kik,2026-08-31,8426,fc1837aeaa8185aa,gone,,,1.99,2026-09-04 07:53:20.052007+00
kik,2026-08-31,8427,b96c010bfbd22c6a,gone,,,3.49,2026-09-04 07:53:20.052007+00
kik,2026-08-31,8428,b96c010bfbd22c6a,back,3.49,6.99,,2026-09-04 08:30:12.703472+00
kik,2026-08-31,8429,3599a45d17261321,gone,,,2.99,2026-09-04 08:30:12.703472+00
kik,2026-08-31,8430,f91ce84ca4ff659e,gone,,,3.49,2026-09-04 08:30:12.703472+00
kik,2026-08-31,8431,e967048e1ca67855,gone,,,1.99,2026-09-04 08:30:12.703472+00
kik,2026-08-31,8432,c55bce35212960dd,gone,,,3.99,2026-09-04 08:30:12.703472+00
